> Parametros
Geracoes 10000
Individuos 10
Probabilidade Mutacao 0.001
PMax 0.01
PMin -0.01
Peso cruzamento (w) 0.9


> Treinamento: 

MSE: 0.23862849167190134
Taxa Acerto: 77.36842105263158


target	 y
0.0	-0.8532000861674693
1.0	1.3293363304134296
0.0	-0.7134555973064927
0.0	0.4654267530082352
0.0	-0.5171643732912157
1.0	-0.3911056540865321
0.0	-0.7559613658960932
0.0	0.9452687668460946
0.0	0.25175895361120304
1.0	-0.036482285038552664
1.0	-0.04937416808780992
0.0	0.7698233578535811
1.0	0.8933865441088105
1.0	-0.11777139427923422
0.0	-0.8023333169120271
0.0	-0.4117400281414998
0.0	-0.4303434970595228
1.0	0.7181525750477062
1.0	0.24296494589311268
0.0	0.015188497644305299
0.0	-0.5277778470051946
0.0	-0.5706805592934896
0.0	-0.662181757408959
0.0	-0.6107224147805268
0.0	-0.7829258354799578
1.0	0.9438721809590582
0.0	-0.5986706083892235
1.0	0.036026407020318674
0.0	-0.2148144848763145
0.0	-0.3400432542434244
0.0	-0.9267422633849605
0.0	0.3310127156610736
1.0	-0.27692904800901363
0.0	0.4936181152149981
1.0	-0.41419381430066626
0.0	0.8415359412184173
0.0	-0.8981337045060789
0.0	-1.0762804030657394
0.0	-0.5627063744695758
0.0	-0.310022299097376
1.0	1.097286628973181
0.0	-0.6174595800381453
0.0	0.06177188871466521
0.0	-0.6231812918139217
0.0	-0.8532000861674693
0.0	-0.11186986229592244
0.0	0.03624575417429243
0.0	-0.6350216581507989
1.0	0.7201676708409068
1.0	1.0817396466537281
0.0	-0.18703587583500658
0.0	-0.798245567487871
1.0	0.7160957317968815
0.0	-0.33902780167495195
0.0	-0.46567909425262577
0.0	0.06873062242290451
0.0	-0.16211812268158687
0.0	-0.46181291170327565
0.0	-0.16212824871161402
1.0	0.9712538461786551
1.0	1.1673494406426532
0.0	-0.6397279173581029
0.0	0.4070244885044918
0.0	-0.4401371478793249
0.0	-0.16170536951613168
1.0	0.3095743281786898
1.0	0.2662645461616733
0.0	-0.38111069015570065
1.0	-0.11146279493336841
0.0	-0.0052243104492259995
1.0	0.6296819252939101
1.0	-0.25322237801173153
1.0	1.148550342050334
0.0	-0.16375208503320682
1.0	0.5859593901114382
1.0	0.18025780938742342
0.0	-0.5118497312441609
0.0	-0.5802785795256264
1.0	-0.353120641059967
0.0	0.3849675936051278
0.0	-0.5198137891246778
0.0	0.49260266264652564
1.0	0.12878834218176194
1.0	0.33225542103026995
0.0	-0.13862289182536114
0.0	-0.2824393197303636
1.0	-0.31675946435499425
0.0	-0.0023577686354201433
0.0	-0.27161440596195896
0.0	-0.0828643629978838
0.0	-0.9052858442257993
0.0	-0.19377304017925523
1.0	0.5961816044768256
0.0	-0.7367653245184498
0.0	-0.5620979916298251
1.0	0.7050751883541806
0.0	-0.22972714715550602
0.0	-0.6019284070624363
0.0	-0.8045857890467949
1.0	0.7328537973954883
0.0	-1.085656857213423
1.0	-0.1339267595614544
0.0	-0.4597459424224234
1.0	-0.7712709718739792
0.0	0.47829838320708484
0.0	-0.24381998745389044
0.0	-0.12289040665199291
1.0	-0.22156745960069335
0.0	0.15226776029168954
0.0	-0.8736230210813808
0.0	1.126090818439728
0.0	-0.13616910566619467
1.0	-0.1986749290608547
1.0	0.21683611194972263
0.0	-1.033367564747417
0.0	0.013564661322712723
1.0	0.08058679913991207
1.0	0.3761577740541091
0.0	0.03644138148242071
1.0	0.6237645838438381
0.0	-0.7008112175421992
0.0	-0.4462716128205564
1.0	0.8699229340128452
0.0	-0.6145987241502572
1.0	0.395168311787484
0.0	-0.28978486782773283
0.0	-0.553525549996188
0.0	-0.4360652088352991
0.0	-0.21972205719464744
1.0	1.194102470172091
1.0	0.05381795674115897
0.0	1.100351020182115
0.0	-0.6329749426337237
0.0	-0.44566322906743594
0.0	1.0453784699487558
0.0	-0.6871153209425092
0.0	-0.4174617399172761
0.0	-0.009322185780392456
0.0	-0.6145987241502572
0.0	-0.5929387696700502
1.0	0.5493867733520399
1.0	0.7336521272631544
0.0	-0.14720545948902553
0.0	-0.7418685265110785
0.0	-0.1265710854340576
0.0	0.608640480596851
0.0	-1.2593087366202056
1.0	0.6410994124353051
0.0	-0.046080303817892077
0.0	-0.4585212710961719
0.0	-0.16679276112862995
1.0	0.7367301067652186
1.0	0.9971611165267755
1.0	0.8545817081880687
0.0	0.2866874810755846
1.0	0.908325143711529
1.0	1.093791453958401
0.0	0.20089218435576095
0.0	0.24706850715019701
1.0	0.5107832505423271
1.0	0.05033859119313999
0.0	-0.5341180685641185
0.0	0.5111903202710486
0.0	-0.50081337742133
0.0	-0.1729531624800189
0.0	-0.6691404887510306
1.0	0.25379998648189783
0.0	0.43459165749137374
0.0	-0.24688215657582435
0.0	-0.4519933245963327
1.0	-0.06242561625104415
0.0	-0.26445436150885815
1.0	1.3099288489813596
1.0	0.9975839966356279
1.0	-0.6799631812227888
0.0	0.15452591914272795
0.0	-0.39438939008327223
0.0	0.3982406076067817
0.0	-0.8323384616779452
0.0	0.4376481439669271
0.0	-0.6168511962850248
0.0	0.7093664721860127
0.0	-0.3431155501857386
1.0	-0.1831437569985157
0.0	0.24543454479857707
1.0	-0.004218983787763975
1.0	0.1449437083773517
1.0	1.3630537747216733
0.0	-1.0746464398007496
1.0	0.026853487157294298
0.0	-0.3128831549852642
0.0	0.580042048661366
1.0	-0.13312274941357516
0.0	-0.3155325708187262
0.0	0.10262788365914566
0.0	0.1500152881569221
1.0	0.2343981886095785
0.0	-0.5194067193959561
0.0	-0.2842847230497796
1.0	0.7097555102379571
1.0	0.5007781596680987
0.0	-0.8188799424562084
0.0	-0.7526934402794835
1.0	-0.8501379171685521
1.0	1.093791453958401
1.0	0.7448897943200308
1.0	-0.3008212216505639
0.0	-0.5725360885199158
0.0	-0.0015436291779766798
1.0	0.19355232206129247
0.0	-0.6203204359260335
0.0	-0.1939765755003009
0.0	-0.6732282381751868
0.0	0.29405896794927866
0.0	-0.3684403730678798
1.0	-0.09346202396556502
1.0	-0.679558332790714
1.0	-0.21890223338710113
0.0	0.8576438771869861
0.0	-0.11184392600878179
1.0	1.0968896861878563
1.0	0.6993218567315131
0.0	-0.9910833622422697
0.0	-0.5010146914457287
0.0	-0.5770207808524135
0.0	-0.554329563423604
0.0	0.5790164691494968
0.0	-1.0403262960894888
0.0	-0.5445359126038019
0.0	-0.3608732588860575
1.0	-0.4440191397724189
0.0	-0.653413687014396
0.0	0.3788252215643484
1.0	-0.5169529332367896
0.0	0.09896301525721118
0.0	-0.42992061695067074
0.0	-0.3183934267066144
0.0	-0.2795885906628557
0.0	-0.5124423046171511
0.0	-0.6092919868365827
0.0	0.18191326792207474
0.0	-0.5140920773489014
1.0	0.7829064271934869
0.0	-0.008899303305373474
0.0	-0.5455355557055136
0.0	-0.655047649366016
0.0	-0.4407556576624725
1.0	-0.172324526789861
0.0	-0.876483876969269
0.0	-0.15477257458421767
0.0	0.30711041598949596
0.0	-0.7383891608400427
1.0	0.7273175892639805
0.0	-0.46772012633296767
1.0	0.41578687637569134
0.0	-0.3896831308759683
1.0	-0.8207354716826346
1.0	-0.2579185102756385
1.0	0.8041276920980813
1.0	0.6921776217451732
0.0	-0.4478897657054157
0.0	-0.6186864726610436
0.0	-0.7488171309097532
0.0	-0.23360345652523606
0.0	-0.40460592009855656
0.0	-0.42053403585959026
0.0	-0.6766974769028259
1.0	0.8143600324934961
0.0	0.3291774392850546
1.0	0.6435791350046292
0.0	-0.7040690162154121
1.0	1.3399814239742995
0.0	0.46871048888195843
0.0	-0.2037781310534834
0.0	-0.37272943560306526
1.0	-0.22441250602182095
0.0	-0.9334794277292091
1.0	1.1211788027377483
1.0	-0.08161721661120835
1.0	-0.06160135233938813
1.0	-0.03136327121299609
1.0	-0.2634389080270161
0.0	-0.38927606114724655
0.0	-0.4891743241954817
0.0	-0.16517460824377084
1.0	1.4081931487646058
0.0	-0.839921386239898
0.0	0.1804613447084693
1.0	-0.212572138771574
0.0	0.11448406274232115
1.0	-0.5925260165045951
0.0	0.4380608971323823
0.0	-0.5706805592934896
0.0	-0.7686215560405171
1.0	0.542639482064394
0.0	1.2012467051584315
0.0	-0.3230895589705216
1.0	0.28056882560111385
0.0	-0.8905767163542837
1.0	1.117709564010109
1.0	0.5007781596680987
0.0	-0.8188799424562084
0.0	-0.7526934402794835
1.0	-0.8501379171685521
1.0	1.093791453958401
1.0	0.7448897943200308
1.0	-0.3008212216505639
0.0	-0.5725360885199158
0.0	-0.0015436291779766798
1.0	0.19355232206129247
0.0	-0.6203204359260335
0.0	-0.1939765755003009
0.0	-0.6732282381751868
0.0	0.29405896794927866
0.0	-0.3684403730678798
1.0	-0.09346202396556502
1.0	-0.679558332790714
1.0	-0.21890223338710113
0.0	0.8576438771869861
0.0	-0.11184392600878179
1.0	1.0968896861878563
1.0	0.6993218567315131
0.0	-0.9910833622422697
0.0	-0.5010146914457287
0.0	-0.5770207808524135
0.0	-0.554329563423604
0.0	0.5790164691494968
0.0	-1.0403262960894888
0.0	-0.5445359126038019
0.0	-0.3608732588860575
1.0	-0.4440191397724189
0.0	-0.653413687014396
0.0	0.3788252215643484
1.0	-0.5169529332367896
0.0	0.09896301525721118
0.0	-0.42992061695067074
0.0	-0.3183934267066144
0.0	-0.2795885906628557
0.0	-0.5124423046171511
0.0	-0.6092919868365827
0.0	0.18191326792207474
0.0	-0.5140920773489014
1.0	0.7829064271934869
0.0	-0.008899303305373474
0.0	-0.5455355557055136
0.0	-0.655047649366016
0.0	-0.4407556576624725
1.0	-0.172324526789861
0.0	-0.876483876969269
0.0	-0.15477257458421767
0.0	0.30711041598949596
0.0	-0.7383891608400427
1.0	0.7273175892639805
0.0	-0.46772012633296767
1.0	0.41578687637569134
0.0	-0.3896831308759683
1.0	-0.8207354716826346
1.0	-0.2579185102756385
1.0	0.8041276920980813
1.0	0.6921776217451732
0.0	-0.4478897657054157
0.0	-0.6186864726610436
0.0	-0.7488171309097532
0.0	-0.23360345652523606
0.0	-0.40460592009855656
0.0	-0.42053403585959026
0.0	-0.6766974769028259
1.0	0.8143600324934961
0.0	0.3291774392850546
1.0	0.6435791350046292
0.0	-0.7040690162154121
1.0	1.3399814239742995
0.0	0.46871048888195843
0.0	-0.2037781310534834
0.0	-0.37272943560306526
1.0	-0.22441250602182095
0.0	-0.9334794277292091
1.0	1.1211788027377483
1.0	-0.08161721661120835
1.0	-0.06160135233938813


> Teste: 

MSE 0.19941659400798514
Taxa Acerto: 79.76190476190476


target	 y
1.0	-0.03136327121299609
1.0	-0.2634389080270161
0.0	-0.38927606114724655
0.0	-0.4891743241954817
0.0	-0.16517460824377084
1.0	1.4081931487646058
0.0	-0.839921386239898
0.0	0.1804613447084693
1.0	-0.212572138771574
0.0	0.11448406274232115
1.0	-0.5925260165045951
0.0	0.4380608971323823
0.0	-0.5706805592934896
0.0	-0.7686215560405171
1.0	0.542639482064394
0.0	1.2012467051584315
0.0	-0.3230895589705216
1.0	0.28056882560111385
0.0	-0.8905767163542837
1.0	1.117709564010109
1.0	0.7171055017189731
0.0	-0.7224610450790091
0.0	-0.5526956001586142
1.0	-0.010543393513759769
0.0	0.2584961188688215
1.0	1.276235119786627
0.0	0.4854527441004355
0.0	0.26198117034275836
0.0	-0.36005911942861424
0.0	-0.6623931974633851
1.0	-0.35843528310702144
0.0	-0.2955167065469062
1.0	0.8909643787099046
0.0	-0.48650909798188924
0.0	-0.41051313551860136
0.0	-0.05650827625376986
1.0	-0.04197674492697501
0.0	-0.390301640659116
0.0	-0.5112312214610133
1.0	-0.15761762009197544
0.0	-0.561082538147983
0.0	-0.390301640659116
0.0	0.32919324966518504
0.0	0.3588071350825117
1.0	-0.22768611507516412
0.0	-0.48998846365292503
0.0	-0.9569645316420379
1.0	-0.5143035174033275
0.0	0.5361137568612018
1.0	0.24991355120515713
0.0	-0.1684482172971138
1.0	0.19965516478946577
0.0	-0.1717161429137235
1.0	0.925073082366739
1.0	-0.15824181567802387
1.0	-0.11697306428855114
1.0	0.4045548928785647
0.0	-0.271006023122208
1.0	-0.07936918458055042
0.0	-0.21502592493074046
1.0	0.9688057434562216
0.0	-0.3055195752111177
0.0	0.38105966202233876
1.0	-0.20951565320939025
1.0	-0.45525112326954553
0.0	-0.21358759225341584
0.0	0.11183464690885891
0.0	-0.7435024888626985
0.0	-0.6619962546780604
0.0	-0.06856008355844301
0.0	-0.6419702634628434
0.0	0.2670944983654142
0.0	0.04602927568453041
0.0	-0.4854936454134168
1.0	-0.17990176779206335
1.0	1.0320997700211842
1.0	1.1140187582846477
0.0	-0.24605220673825068
0.0	0.379637139725145
0.0	-0.38948181776493906
0.0	-0.7490026345540215
1.0	0.7675652013687104
0.0	-0.8920150490316082
0.0	-0.6346145884220773
0.0	-0.7943692590315105
0.0	-0.6916000132750069
0.0	-0.5388142008280254
0.0	-0.7418685265110785
0.0	-0.15129320891318176
0.0	-0.2734598092813747
1.0	-0.07958062463497617
1.0	-0.06321950285807998
0.0	-0.460364452205571
0.0	-0.060596025677926324
0.0	-0.08163746709544806
0.0	-0.543716089709625
1.0	1.0813325769250066
1.0	0.2656561633219223
0.0	-0.5869999344031146
1.0	0.6235373334092813
0.0	-0.23461891013009506
0.0	-0.36353848509965014
0.0	0.16657203973113033
1.0	0.7704260572565986
1.0	0.3414406866441537
1.0	0.013765974433741501
0.0	-0.22482525918727592
0.0	-0.6133718306139889
0.0	-0.5941757892363456
1.0	0.6664558551643376
1.0	0.7667352515311365
1.0	-0.6305268399112908
0.0	-0.6337947655279005
0.0	-0.8901696466255621
0.0	-0.733285958847414
1.0	0.9025977483760026
0.0	-0.1310659036735662
1.0	0.7164869920588424
1.0	-0.561082538147983
0.0	-0.2820322500016421
0.0	-0.8713806749766404
0.0	-0.770466958446563
0.0	0.43316913519417977
0.0	0.19865552405392117
0.0	-0.6190777329230046
0.0	-0.5371644280962751
0.0	-0.24159345081591055
0.0	-0.676908916957252
0.0	0.18025780938742342
0.0	-0.006461329892504253
0.0	0.14860289188975506
1.0	0.5022006828786627
0.0	-0.21236638215388126
0.0	-0.8662673460406148
1.0	-0.04241543686875526
0.0	0.06891612278763559
0.0	0.6006606132495733
0.0	-0.7996759954318151
0.0	-0.6646355436911424
0.0	-0.4231834516930524
1.0	0.009889668343548541
0.0	-0.822756250912569
0.0	0.6029187688210746
0.0	-0.2013300284540671
0.0	-0.7193887491366948
0.0	-0.3504554148463743
0.0	-0.5122466749428554
1.0	-0.23584011919324332
0.0	-0.49693706896496936
1.0	0.584933810599569
1.0	0.6352080073953905
0.0	0.21213997719663147
0.0	-1.0407232388748135
0.0	-0.68691400783148
0.0	-0.16150973892846632
0.0	-0.9655572262490992
0.0	-0.1576233035287089
1.0	0.00866277244111302
1.0	-0.22542005385691288
0.0	-0.6399134202120182
0.0	-0.7520749304963358
1.0	1.2627528844149936
1.0	1.0980906425236139
0.0	0.10630856335458039
0.0	-0.30021283881081295
0.0	-0.7251104609124711
0.0	-0.774961777599441
0.0	-0.8382874238882779
0.0	0.01909642922709409
0.0	-0.32717162495794416
0.0	-0.5786446171740064
0.0	-0.292655850659018
0.0	-0.5586287519888167
0.0	0.16943289561901853
0.0	-0.28776408859779856
0.0	-0.20113884204040144
1.0	0.8229267897770303
1.0	0.1743562806836494
0.0	-0.3012282913792854
0.0	-0.8348181842472693
0.0	0.08711252342973475
0.0	-0.8127714138021179
0.0	-0.4068381401732699
0.0	-0.18214411389680385
1.0	0.7867612427463535
0.0	-0.708775275422716
0.0	0.25890318859754324
1.0	0.7497815562582333
0.0	-0.19928331281397527
1.0	0.6068108885709349
0.0	-1.0521666624263661
1.0	0.08058679913991207
0.0	-0.7179662259261311
0.0	-0.5434945227118021
0.0	-0.5102078632457909
0.0	-0.5741497980211285
0.0	-0.0844881993194766
1.0	-0.2836504028865017
0.0	-0.559237135741937
0.0	-0.4050028637972509
1.0	0.6598883840842267
1.0	0.5880219169220133
0.0	-0.2979704927060727
1.0	0.37308547811179515
0.0	-0.5118497312441609
0.0	-0.35209506154809755
1.0	0.357987312188335
1.0	0.1006026634117323
0.0	-0.34657910639001366
0.0	0.7763490821434038
0.0	-0.5594068291290919
0.0	-0.03401837060620849
1.0	0.41578687637569134
0.0	-0.7100021680456144
0.0	-0.025657371270148
0.0	-0.4777410275873262
1.0	0.4809737353276877
1.0	0.6899352756404324
0.0	-0.6129489514185066
0.0	-0.09880260242277705
1.0	-0.6356401679339466
0.0	0.09160734258261272
1.0	0.3869984972892746
0.0	-0.07326634185237713
1.0	1.1683547671810977
1.0	0.761843489592934
0.0	-0.17782911495146103
0.0	-0.4468901226037041
0.0	-0.045868863763465884
0.0	-0.28876941525926036
0.0	0.07975116349943767
1.0	0.7389667694332251
0.0	-0.43197745941114285
0.0	-0.1655873614092256
0.0	-0.7651365069327477
0.0	-0.5420821264446354
1.0	0.3175541988055042
0.0	-0.46160147164884957
0.0	-0.4332043529474109
0.0	0.9824915132355314
0.0	0.04607102484098591
1.0	0.24706282122427936
1.0	0.9820528236599189
0.0	-0.20603628753835435
0.0	-0.3365740155157857
1.0	0.7473378970424638
1.0	-0.07590563165581199
0.0	-0.7269558633185172
1.0	1.0288476547847045
0.0	-0.0562810243664158
0.0	2.9164719804164463E-4
0.0	-0.6807852263269821
