> Parametros
Geracoes 10000
Individuos 1000
Probabilidade Mutacao 0.1
PMax 0.1
PMin -0.1
Peso cruzamento (w) 0.1


> Treinamento: 

MSE: 0.09161864047256987
Taxa Acerto: 77.10526315789474


target	 y
0.0	-0.1199465724840979
1.0	0.8846858657001904
0.0	-0.03794698748748149
0.0	0.48174432694717945
0.0	0.027703421148733143
1.0	0.10463749573790754
0.0	-0.07509930662894981
0.0	0.6864860913304343
0.0	0.39371870371259704
1.0	0.2598940850335297
1.0	0.22822670308312815
0.0	0.6401456836228583
1.0	0.6686519482345812
1.0	0.23559812740777702
0.0	-0.09588547605185305
0.0	0.09313531865446134
0.0	0.06917923399760595
1.0	0.6301193638174849
1.0	0.3786271847159735
0.0	0.26992040473450346
0.0	0.03287363267008525
0.0	0.00902224912714017
0.0	-0.01461973173767167
0.0	-0.012401235431577395
0.0	-0.08596416857658168
1.0	0.7223634686381688
0.0	-0.008182753949875332
1.0	0.28105566147673217
0.0	0.18220919702500155
0.0	0.1201569280928379
0.0	-0.15562303424309376
0.0	0.42168386762333415
1.0	0.13989484192947038
0.0	0.4941900585029861
1.0	0.08997357898779873
0.0	0.6835167805334288
0.0	-0.13134404890394685
0.0	-0.23013769697743514
0.0	0.02179905738284088
0.0	0.1249080240467571
1.0	0.7930790760153208
0.0	-0.011030079163015127
0.0	0.2985143975522861
0.0	-0.01588587623084453
0.0	-0.1199465724840979
0.0	0.21556277247578498
0.0	0.2970382296792659
0.0	-0.01229653431766714
1.0	0.6013159688762815
1.0	0.7630092259194652
0.0	0.19160637670713748
0.0	-0.09187670745945059
1.0	0.6136566882063859
0.0	0.11392997430613333
0.0	0.05883849984310946
0.0	0.317518160215936
0.0	0.19857565785535863
0.0	0.04247235022894397
0.0	0.18600856338958344
1.0	0.7450615838144286
1.0	0.8192536570826701
0.0	-0.02337928517220117
0.0	0.4768715565211867
0.0	0.07666415625988104
0.0	0.20162420972902956
1.0	0.4242164672711591
1.0	0.40109892486096194
0.0	0.09239330195442391
1.0	0.21482893027147948
0.0	0.2787931454073121
1.0	0.5714470342247651
1.0	0.16163274094171082
1.0	0.8038392369534422
0.0	0.1977286293799317
1.0	0.5452809399408969
1.0	0.35815542974659303
0.0	0.03329305934931048
0.0	0.007965507312100661
1.0	0.10959830503143936
0.0	0.4723301749784376
0.0	0.03308334600969792
0.0	0.5004170122896907
1.0	0.3433698395959683
1.0	0.4396142262255734
0.0	0.21250573392303246
0.0	0.14284686825652043
1.0	0.12627918031531943
0.0	0.2850034381236028
0.0	0.14548448013004783
0.0	0.22654082069453835
0.0	-0.13741379523873354
0.0	0.1929775334260126
1.0	0.5571940574747998
0.0	-0.07298582254855795
0.0	0.016305944728884247
1.0	0.619560740860486
0.0	0.17556281700938464
0.0	0.0026902835650461365
0.0	-0.10380648678941146
1.0	0.6289579205426219
0.0	-0.21081952093182
1.0	0.2110213898614784
0.0	0.07150212030581832
1.0	-0.06844475104604347
0.0	0.4882775196201173
0.0	0.17123114728437777
0.0	0.22146682467957218
1.0	0.16723086582136965
0.0	0.3409504266695778
0.0	-0.1236409266229776
0.0	0.8088163972771534
0.0	0.21566747358969524
1.0	0.19043644709910607
1.0	0.3864265225033288
0.0	-0.19371921896871475
0.0	0.2816404707248518
1.0	0.3302783062252655
1.0	0.44088916743806256
0.0	0.2884965640800811
1.0	0.575132901684563
0.0	-0.05557110613192989
0.0	0.06875980731838083
1.0	0.687420848011921
0.0	-0.008602180629100453
1.0	0.46411141051185706
0.0	0.14971113717903944
0.0	0.011022545864853017
0.0	0.0643234369297766
0.0	0.1758857176916761
1.0	0.8223106956354225
1.0	0.3108717785740491
0.0	0.7951400542080178
0.0	-0.008400953968569491
0.0	0.06326669511473715
0.0	0.7463283506355851
0.0	-0.03793850080839983
0.0	0.08827952158663194
0.0	0.2622172824535342
0.0	-0.008602180629100453
0.0	0.009240138034042278
1.0	0.5207922412621375
1.0	0.6111407507005324
0.0	0.20522203832128832
0.0	-0.0707676373542559
0.0	0.21672421540473458
0.0	0.5606786978237539
0.0	-0.3063382415456538
1.0	0.5522420459721418
0.0	0.2588373438397346
0.0	0.06869063918431495
0.0	0.22019188284583852
1.0	0.625158865740145
1.0	0.7168873293423754
1.0	0.6613764282001264
0.0	0.4047932789998416
1.0	0.7042149110887927
1.0	0.7672277078514802
0.0	0.3696576072803522
0.0	0.39898544185212753
1.0	0.5087574497064742
1.0	0.3013698978824025
0.0	0.02094385334012444
0.0	0.5080236085737262
0.0	0.04373849461771717
0.0	0.18337095151605615
0.0	-0.033623493329764054
1.0	0.3938318914011894
0.0	0.4784609128084432
0.0	0.17356252016727208
0.0	0.06390401025055148
1.0	0.2465846633771695
0.0	0.15972897020093152
1.0	0.874764558224919
1.0	0.7325029761321347
1.0	-0.03186875447361315
0.0	0.35265383193542515
0.0	0.08659395041423396
0.0	0.47434713233625175
0.0	-0.08428708408326535
0.0	0.4723471472650433
0.0	-0.016523191366658863
0.0	0.6232025886613579
0.0	0.10992120616404383
1.0	0.2041568093768545
0.0	0.3981384133767005
1.0	0.25999909725923204
1.0	0.3679465775925798
1.0	0.9105290588514541
0.0	-0.22929066805169532
1.0	0.30000691662641715
0.0	0.12248012551284243
0.0	0.548966807400695
1.0	0.19698661160833691
0.0	0.12786005037380715
0.0	0.3184701998455078
0.0	0.33302941593201923
1.0	0.3876929770367364
0.0	0.03234950487694993
0.0	0.1341920159359012
1.0	0.601726908876425
1.0	0.5084345485738699
0.0	-0.10337888499320974
0.0	-0.07340524922778313
1.0	-0.12227794547139181
1.0	0.7672277078514802
1.0	0.6168269145521301
1.0	0.13926570191063264
0.0	-0.012199697554854727
0.0	0.2835357558581068
1.0	0.3803042702808474
0.0	-0.013457977696929857
0.0	0.19334445376723003
0.0	-0.03763226192216651
0.0	0.42684559353716217
0.0	0.10368576614857045
1.0	0.24806052120995487
1.0	-0.03699494633603928
1.0	0.17820042888291193
0.0	0.6590450552128324
0.0	0.24447935475966737
1.0	0.8063800120641569
1.0	0.5820059683979557
0.0	-0.17694181768790107
0.0	0.048497765688612915
0.0	-0.002907530202820696
0.0	0.0250573225961242
0.0	0.5426266662713115
0.0	-0.21272298056080718
0.0	0.017572400333849214
0.0	0.11719641508670614
1.0	0.07668081850625214
0.0	-0.02844479557964319
0.0	0.4562510812292829
1.0	0.0355112445436126
0.0	0.3300770784931771
0.0	0.08479488078736486
0.0	0.12543215183989248
0.0	0.13270767197874672
0.0	0.05513565947546101
0.0	-0.011187286164620058
0.0	0.3791343402225032
0.0	0.037939143077527326
1.0	0.6544866992403626
0.0	0.2778329303148504
0.0	0.04014884159274773
0.0	-0.02929182405506997
0.0	0.06959017399774953
1.0	0.20301202813956326
0.0	-0.12606882515689227
0.0	0.19171138893283973
0.0	0.4084876331387212
0.0	-0.06126575655820965
1.0	0.6029933644813898
0.0	0.058725312500430504
1.0	0.4592641001231094
0.0	0.09767670126876798
1.0	-0.12460083167520458
1.0	0.16311708500326488
1.0	0.6403638836415524
1.0	0.584110965799266
0.0	0.08426226631514794
0.0	-0.012610948771189956
0.0	-0.07720430403026007
0.0	0.17936187181186153
0.0	0.07846322633706299
0.0	0.07804379965783786
0.0	-0.034567047802124606
1.0	0.6648440956412303
0.0	0.425596110218803
1.0	0.5843203680270865
0.0	-0.04469806861700848
1.0	0.9122146295735392
0.0	0.4997878721664533
0.0	0.19265463229340823
0.0	0.10443626907737663
1.0	0.18115245475964908
0.0	-0.15425187752421854
1.0	0.7937082161385582
1.0	0.25325588003048977
1.0	0.2576840748518045
1.0	0.274025388382979
1.0	0.15350201686453974
0.0	0.09694286013601999
0.0	0.04490842422574859
0.0	0.20468942384907146
1.0	0.9259519652094508
0.0	-0.114147220943908
0.0	0.3577885094053756
1.0	0.1775631132967846
0.0	0.3312303469263948
1.0	0.01228868990771298
0.0	0.4753956991387142
0.0	0.00902224912714017
0.0	-0.07382467590700825
1.0	0.5095963030649246
0.0	0.8202056982341122
0.0	0.12691649590144666
1.0	0.4132384175305354
0.0	-0.13040049443158624
1.0	0.7967734302586
1.0	0.5084345485738699
0.0	-0.10337888499320974
0.0	-0.07340524922778313
1.0	-0.12227794547139181
1.0	0.7672277078514802
1.0	0.6168269145521301
1.0	0.13926570191063264
0.0	-0.012199697554854727
0.0	0.2835357558581068
1.0	0.3803042702808474
0.0	-0.013457977696929857
0.0	0.19334445376723003
0.0	-0.03763226192216651
0.0	0.42684559353716217
0.0	0.10368576614857045
1.0	0.24806052120995487
1.0	-0.03699494633603928
1.0	0.17820042888291193
0.0	0.6590450552128324
0.0	0.24447935475966737
1.0	0.8063800120641569
1.0	0.5820059683979557
0.0	-0.17694181768790107
0.0	0.048497765688612915
0.0	-0.002907530202820696
0.0	0.0250573225961242
0.0	0.5426266662713115
0.0	-0.21272298056080718
0.0	0.017572400333849214
0.0	0.11719641508670614
1.0	0.07668081850625214
0.0	-0.02844479557964319
0.0	0.4562510812292829
1.0	0.0355112445436126
0.0	0.3300770784931771
0.0	0.08479488078736486
0.0	0.12543215183989248
0.0	0.13270767197874672
0.0	0.05513565947546101
0.0	-0.011187286164620058
0.0	0.3791343402225032
0.0	0.037939143077527326
1.0	0.6544866992403626
0.0	0.2778329303148504
0.0	0.04014884159274773
0.0	-0.02929182405506997
0.0	0.06959017399774953
1.0	0.20301202813956326
0.0	-0.12606882515689227
0.0	0.19171138893283973
0.0	0.4084876331387212
0.0	-0.06126575655820965
1.0	0.6029933644813898
0.0	0.058725312500430504
1.0	0.4592641001231094
0.0	0.09767670126876798
1.0	-0.12460083167520458
1.0	0.16311708500326488
1.0	0.6403638836415524
1.0	0.584110965799266
0.0	0.08426226631514794
0.0	-0.012610948771189956
0.0	-0.07720430403026007
0.0	0.17936187181186153
0.0	0.07846322633706299
0.0	0.07804379965783786
0.0	-0.034567047802124606
1.0	0.6648440956412303
0.0	0.425596110218803
1.0	0.5843203680270865
0.0	-0.04469806861700848
1.0	0.9122146295735392
0.0	0.4997878721664533
0.0	0.19265463229340823
0.0	0.10443626907737663
1.0	0.18115245475964908
0.0	-0.15425187752421854
1.0	0.7937082161385582
1.0	0.25325588003048977
1.0	0.2576840748518045


> Teste: 

MSE 0.07691139222597554
Taxa Acerto: 80.15873015873017


target	 y
1.0	0.274025388382979
1.0	0.15350201686453974
0.0	0.09694286013601999
0.0	0.04490842422574859
0.0	0.20468942384907146
1.0	0.9259519652094508
0.0	-0.114147220943908
0.0	0.3577885094053756
1.0	0.1775631132967846
0.0	0.3312303469263948
1.0	0.01228868990771298
0.0	0.4753956991387142
0.0	0.00902224912714017
0.0	-0.07382467590700825
1.0	0.5095963030649246
0.0	0.8202056982341122
0.0	0.12691649590144666
1.0	0.4132384175305354
0.0	-0.13040049443158624
1.0	0.7967734302586
1.0	0.6036473417591757
0.0	-0.06084632987898447
0.0	0.025904351521864044
1.0	0.2644188064730227
0.0	0.3923475474440347
1.0	0.8734455967322594
0.0	0.4987396165801827
0.0	0.4056318223180571
0.0	0.11572873282121027
0.0	-0.02242755513255118
1.0	0.10400866683086202
0.0	0.1322882451951219
1.0	0.6981891844129322
0.0	0.055877987287290654
0.0	0.09471618826263623
0.0	0.24289879529612685
1.0	0.27919559990433124
0.0	0.09060271900663647
0.0	0.040367041611442
1.0	0.20563297832143196
0.0	0.010078991392492576
0.0	0.09060271900663647
0.0	0.4419455981413099
0.0	0.4474305352279771
1.0	0.1756760043520636
0.0	0.04637610649124452
0.0	-0.1556148586758042
1.0	0.030131319682647872
0.0	0.5187752827283665
1.0	0.3850638518422906
0.0	0.19921297344148597
1.0	0.35550964275608915
0.0	0.19751891604031918
1.0	0.7069490485089409
1.0	0.19477660198132424
1.0	0.21778095767008693
1.0	0.45736032938233
0.0	0.13999136747609114
1.0	0.25239219048464884
0.0	0.17440137363012204
1.0	0.7456822371541845
0.0	0.13635769524250857
0.0	0.4434302533146562
1.0	0.17144934730307188
1.0	0.07477704776547284
0.0	0.18379006663317626
0.0	0.33661027178735964
0.0	-0.07161466582968273
0.0	-0.03572849118138727
0.0	0.23868031336411172
0.0	-0.018733201443984437
0.0	0.41598073158953036
0.0	0.2769862114293454
0.0	0.04965103350058603
1.0	0.17693428438973907
1.0	0.7405289990953952
1.0	0.7794637260676744
0.0	0.188444325824283
0.0	0.45039104823410886
0.0	0.09291742974755923
0.0	-0.056095545036857486
1.0	0.6284422794285682
0.0	-0.13978918743464058
0.0	-0.013030375450415188
0.0	-0.09567576271224049
0.0	-0.028646333456365858
0.0	0.022428197401678618
0.0	-0.0707676373542559
0.0	0.20121326972888592
0.0	0.13682962780942848
1.0	0.24458436708976944
1.0	0.27318653492012906
0.0	0.06442813804368691
0.0	0.23889002670372433
0.0	0.22812169182458347
0.0	0.01988711107477209
1.0	0.7637430670522132
1.0	0.4065920375149185
0.0	0.02568615150316983
1.0	0.5509755903671767
0.0	0.1855888250438537
0.0	0.10622685202516419
0.0	0.3530899193391513
1.0	0.6308701779624828
1.0	0.43762241554569753
1.0	0.276881199203643
0.0	0.17810390288597827
0.0	-0.0070213105706126155
0.0	-0.004907826490220757
1.0	0.5911764613823158
1.0	0.6135604737715572
1.0	-0.00902160730832563
0.0	-0.010715664709492312
0.0	-0.13113433556433424
0.0	-0.06348394175251176
1.0	0.6955767209101451
0.0	0.21344928839539307
1.0	0.596573359601444
1.0	0.010078991392492576
0.0	0.14211302712377255
0.0	-0.12828701035119439
0.0	-0.0824795277773146
0.0	0.4854217077278958
0.0	0.37808608508654534
0.0	0.004472379833751927
0.0	0.039624713799612354
0.0	0.15023557608396682
0.0	-0.04237487119700406
0.0	0.35815542974659303
0.0	0.2646451809874489
0.0	0.3525573053172471
1.0	0.50147375410473
0.0	0.1815885436852453
0.0	-0.11793810062940835
1.0	0.2472304645708207
0.0	0.296409399700663
0.0	0.5441194970119474
0.0	-0.09309065672640793
0.0	-0.017781471508733937
0.0	0.08342372451880259
1.0	0.2806802555279904
0.0	-0.09957982974041985
0.0	0.5558229007559246
0.0	0.1920339788492525
0.0	-0.05061060795019029
0.0	0.12056786809298142
0.0	0.04659399494783367
1.0	0.18779034854649718
0.0	0.039939439364927276
1.0	0.5389407988115134
1.0	0.5848444958202219
0.0	0.387910865388926
0.0	-0.19942204451197104
0.0	-0.04269777232960853
0.0	0.19308254565171495
0.0	-0.17546564919363647
0.0	0.20185058531501315
1.0	0.2790993843979452
1.0	0.1955541522824505
0.0	-0.002270525832885284
0.0	-0.06633126696565161
1.0	0.8680131654288874
1.0	0.7790442993884492
0.0	0.32321280957065807
0.0	0.13377258925667607
0.0	-0.05546640501801964
0.0	-0.08575445523696917
0.0	-0.11330019246848105
0.0	0.29882032639828465
0.0	0.12669012031546295
0.0	0.008812535787527498
0.0	0.13471614372903656
0.0	0.01324073105915513
0.0	0.35551781787306597
0.0	0.12469013524425471
0.0	0.17470761262075502
1.0	0.6557783033204674
1.0	0.3781907862004556
0.0	0.13999954304338064
0.0	-0.11636540613821011
0.0	0.3210993261115109
0.0	-0.12439111833559202
0.0	0.09567640453105503
0.0	0.1815803681179558
1.0	0.63055576350896
0.0	-0.05578081947154251
0.0	0.39161370631128684
1.0	0.6068009059629484
0.0	0.19592955930274975
1.0	0.5683733338759545
0.0	-0.20913363864762982
1.0	0.3302783062252655
0.0	-0.05757140241932995
0.0	0.040262029385739584
0.0	0.042314832011147274
0.0	0.012087463247182073
0.0	0.2382608866848866
1.0	0.1576154861205396
0.0	0.018733843262798977
0.0	0.09176416193558617
1.0	0.5550893711852816
1.0	0.5655260086628147
0.0	0.12912650552845922
1.0	0.4306534455092684
0.0	0.03329305934931048
0.0	0.11593844616082288
1.0	0.4451158244870543
1.0	0.33470650104658023
0.0	0.11676881284019153
0.0	0.6309667035091038
0.0	0.056192090074308754
0.0	0.27562292013312534
1.0	0.4592641001231094
0.0	-0.05736168907971739
0.0	0.26253169690705697
0.0	0.042052923445319246
1.0	0.5118141770430349
1.0	0.5887570495274828
0.0	0.008594335768833339
0.0	0.21355430062109532
1.0	-0.019370516579798658
0.0	0.3243742535711653
1.0	0.45987626678378385
0.0	0.2275975629598907
1.0	0.8004596088301901
1.0	0.6235864823607389
0.0	0.20974644757743183
0.0	0.06168582505624931
0.0	0.26664516723461423
0.0	0.14348418339233487
0.0	0.3116141064902784
1.0	0.6167303890055091
0.0	0.06833220552217911
0.0	0.20164087197540065
0.0	-0.06054040210454331
0.0	0.02073414000051177
1.0	0.440775669604836
0.0	0.050280173623823476
0.0	0.06675133546369127
0.0	0.750747747666026
0.0	0.322252282811692
1.0	0.3952030476697516
1.0	0.7187826134040731
0.0	0.18095122809911807
0.0	0.117091713972796
1.0	0.616206261212374
1.0	0.24554458228663073
0.0	-0.06412125688832604
1.0	0.7551844296167352
0.0	0.26705610723475776
0.0	0.27962351326263796
0.0	-0.03857581639452706
