> Parametros
Geracoes 10000
Individuos 1000
Probabilidade Mutacao 0.1
PMax 0.01
PMin -0.01
Peso cruzamento (w) 0.9


> Treinamento: 

MSE: 0.17006704096505745
Taxa Acerto: 77.63157894736842


target	 y
0.0	-0.624119058249295
1.0	1.1881376496349754
0.0	-0.49529997702134676
0.0	0.4563210178394115
0.0	-0.34745752232819826
1.0	-0.23012700648762974
0.0	-0.5334157178580032
0.0	0.8565138238901615
0.0	0.29018119070548565
1.0	0.05082830007805206
1.0	0.03884845248458069
0.0	0.7346082195719721
1.0	0.8126420130927676
1.0	0.01837425741677401
0.0	-0.5789252950791751
0.0	-0.2502611881308653
0.0	-0.27303927612694434
1.0	0.6965390766130606
1.0	0.2781311705210836
0.0	0.08889744294741808
0.0	-0.3510609690354253
0.0	-0.388931069126111
0.0	-0.4569851926023144
0.0	-0.424718717660976
0.0	-0.5632718281875456
1.0	0.8765657332233927
0.0	-0.4108318882741151
1.0	0.10559213521511013
0.0	-0.08501073045732899
0.0	-0.19761488999662513
0.0	-0.6801697603120819
0.0	0.357030132277639
1.0	-0.1512159441187595
0.0	0.49065784292056014
1.0	-0.2592226184377734
0.0	0.8057388323133554
0.0	-0.659345252790833
0.0	-0.8012325939408679
0.0	-0.38824074324809776
0.0	-0.17835797639776862
1.0	0.9983890643383369
0.0	-0.42756166679249985
0.0	0.14020968809661793
0.0	-0.4317265682967497
0.0	-0.624119058249295
0.0	-0.008626803168930275
0.0	0.12063696238736443
0.0	-0.43981072975558266
1.0	0.6754108557426193
1.0	0.9650117805048124
0.0	-0.06891257923735261
0.0	-0.5723621287717485
1.0	0.6873320048460314
0.0	-0.19893684317304672
0.0	-0.3033400707848336
0.0	0.1422219682880126
0.0	-0.054896878769501445
0.0	-0.2959462343107726
0.0	-0.048263539960688995
1.0	0.892909525099794
1.0	1.0534336273652989
0.0	-0.4452975844362542
0.0	0.440526579254477
0.0	-0.26528302852778196
0.0	-0.03665820490832883
1.0	0.34402057093515737
1.0	0.313029450399255
0.0	-0.22544724815364736
1.0	-0.015505784664368916
0.0	0.06793259033385235
1.0	0.6060347790899945
1.0	-0.12319664379537087
1.0	1.043337186852031
0.0	-0.05249861396632438
1.0	0.5568049846929195
1.0	0.22485324508843485
0.0	-0.3364136412691654
0.0	-0.3938564682060639
1.0	-0.20354642900564324
0.0	0.4285933314794059
0.0	-0.3437373051522954
0.0	0.49197979609698184
1.0	0.19922011009286855
1.0	0.37999516438073955
0.0	-0.03268024557044513
0.0	-0.14957817769498127
1.0	-0.18120092552929223
0.0	0.09513269653213352
0.0	-0.14017206305972651
0.0	0.01195206086199696
0.0	-0.6645513796711453
0.0	-0.07175552756518067
1.0	0.5857717263657685
0.0	-0.5235649188944015
0.0	-0.38268371686973623
1.0	0.6906075376935878
0.0	-0.1009800105963149
0.0	-0.41266869747657353
0.0	-0.5754507186492429
1.0	0.7067056889135639
0.0	-0.8069886639016055
1.0	-0.02056005288465701
0.0	-0.293372501352556
1.0	-0.5491393572510183
0.0	0.48156754233635746
0.0	-0.10558959723260697
0.0	-0.005351271125070056
1.0	-0.10633799419599588
0.0	0.20295242594043073
0.0	-0.6384505727681985
0.0	1.0065319251804699
0.0	-0.023718815263537252
1.0	-0.06456073476304125
1.0	0.2781190718494242
0.0	-0.7699958326589946
0.0	0.08466236894178292
1.0	0.1687904451576845
1.0	0.39805899474720485
0.0	0.1079553129638986
1.0	0.6145515250685554
0.0	-0.4943404358632675
0.0	-0.2876866038932041
1.0	0.8273940107153888
0.0	-0.425479216040375
1.0	0.4139581023848051
0.0	-0.15797815320486652
0.0	-0.36980302580454927
0.0	-0.2772041776311941
0.0	-0.10293359107114497
1.0	1.0774870697668137
1.0	0.12625268531513023
0.0	0.9970320257149172
0.0	-0.42397032069758733
0.0	-0.28212957671114713
0.0	0.9426662770284615
0.0	-0.4894852084810045
0.0	-0.25442608963511504
0.0	0.06800276292478369
0.0	-0.425479216040375
0.0	-0.413300324774982
1.0	0.5286568132885408
1.0	0.6744634151073092
0.0	-0.03892759782681976
0.0	-0.5288061320254066
0.0	-0.0187934161835841
0.0	0.5927795761978463
0.0	-0.9491918182989967
1.0	0.6025136054964675
0.0	0.04590290213505854
0.0	-0.2730162904885659
0.0	-0.02341510262849522
1.0	0.7074661872929628
1.0	0.8937522966824385
1.0	0.774701741304392
0.0	0.32736096491815836
1.0	0.8404622706374754
1.0	0.978898610695369
0.0	0.24498742753536584
0.0	0.30317865337630856
1.0	0.5031525474333094
1.0	0.12524654627930598
0.0	-0.35414955891291977
0.0	0.4962735678785264
0.0	-0.3212048587058828
0.0	-0.057669654595943864
0.0	-0.45899747085305354
1.0	0.2809039470616761
0.0	0.45082206254642565
0.0	-0.12010805400742197
0.0	-0.29185150539745386
1.0	0.04476789192869868
0.0	-0.12572377887584274
1.0	1.1724841827433456
1.0	0.905357632538494
1.0	-0.48427908160069233
0.0	0.22459550567080466
0.0	-0.24381479309581033
0.0	0.4218432209754128
0.0	-0.5796978932671928
0.0	0.4402228666194352
0.0	-0.42200463961044277
0.0	0.693731213821775
0.0	-0.20550000867677776
1.0	-0.04966776625081071
0.0	0.3055769181794854
1.0	0.07324397605578858
1.0	0.2381544211979949
1.0	1.239321023703185
0.0	-0.8036308579403493
1.0	0.09639657498558774
0.0	-0.1804404271498935
0.0	0.5653217306714806
1.0	-0.027684675929761537
0.0	-0.1767202099739904
0.0	0.16223937752191686
0.0	0.20642700237036293
1.0	0.2903681336755475
0.0	-0.3506162847070784
0.0	-0.15298258162352796
1.0	0.684243414968537
1.0	0.5051061271044439
0.0	-0.5924963112186796
0.0	-0.5382122466606614
1.0	-0.6096006015640256
1.0	0.978898610695369
1.0	0.7021082036932818
1.0	-0.17318693576814925
0.0	-0.3857021341562997
0.0	0.08137473742256751
1.0	0.2617051073820915
0.0	-0.42964411754462484
0.0	-0.06831603818963705
0.0	-0.46556063716048024
0.0	0.3476119189707252
0.0	-0.21263672958984603
1.0	0.02683293150626387
1.0	-0.4752825650430914
1.0	-0.09157389596106003
0.0	0.7892201979896611
0.0	0.003224173343550518
1.0	0.9986347058880027
1.0	0.649474006171356
0.0	-0.7310494209415537
0.0	-0.333640865442723
0.0	-0.39201965900360536
0.0	-0.3626784055037955
0.0	0.5732770218530192
0.0	-0.7720081109097339
0.0	-0.37043465310295776
0.0	-0.20506742496074537
1.0	-0.29116117951944076
0.0	-0.45678614982363397
0.0	0.3969475968697569
1.0	-0.3416548544001705
0.0	0.16728154787424154
0.0	-0.2614339402708886
0.0	-0.1788026607261154
0.0	-0.14086238884819424
0.0	-0.32348635304038376
0.0	-0.4236774922849136
0.0	0.2660569510527073
0.0	-0.33957240364804553
1.0	0.7656574111932501
0.0	0.07960810072149438
0.0	-0.3506283853193929
0.0	-0.4543878850204569
0.0	-0.2642067169010267
1.0	-0.06537930512105672
0.0	-0.6405330235203235
0.0	-0.046496903259616085
0.0	0.3416924794370617
0.0	-0.527799992900037
1.0	0.6964924787353157
0.0	-0.29406282642687365
1.0	0.41560796942089784
0.0	-0.23832793841513877
1.0	-0.5892673762488685
1.0	-0.13531683648115922
1.0	0.7477466519954441
1.0	0.6535100365946152
0.0	-0.266804024482884
0.0	-0.4320423815441059
0.0	-0.5374517482812625
0.0	-0.10174050897571374
0.0	-0.247663880549008
0.0	-0.2623112083152679
0.0	-0.47320011429096653
1.0	0.7700800548594811
0.0	0.346992390343976
1.0	0.6233260124054021
0.0	-0.4961772450657259
1.0	1.2287097263601843
0.0	0.4700088043580466
0.0	-0.06980194789404637
0.0	-0.23163590183041727
1.0	-0.08993613034097747
0.0	-0.68301270863991
1.0	1.0203600560772714
1.0	0.003166099513824072
1.0	0.0243765927838151
1.0	0.07455382975685554
1.0	-0.12704573124856877
0.0	-0.2452069179699219
0.0	-0.32555670318019414
0.0	-0.044297682038815234
1.0	1.2552322319530993
0.0	-0.6057515133071323
0.0	0.221413755712891
1.0	-0.08185196807844886
0.0	0.18880785633224417
1.0	-0.3950616509138095
0.0	0.4584615404806076
0.0	-0.388931069126111
0.0	-0.5528595744269212
1.0	0.5324472029658294
0.0	1.0734510393435546
0.0	-0.19092285341190351
1.0	0.3234417041598794
0.0	-0.64514260935292
1.0	1.012720578946785
1.0	0.5051061271044439
0.0	-0.5924963112186796
0.0	-0.5382122466606614
1.0	-0.6096006015640256
1.0	0.978898610695369
1.0	0.7021082036932818
1.0	-0.17318693576814925
0.0	-0.3857021341562997
0.0	0.08137473742256751
1.0	0.2617051073820915
0.0	-0.42964411754462484
0.0	-0.06831603818963705
0.0	-0.46556063716048024
0.0	0.3476119189707252
0.0	-0.21263672958984603
1.0	0.02683293150626387
1.0	-0.4752825650430914
1.0	-0.09157389596106003
0.0	0.7892201979896611
0.0	0.003224173343550518
1.0	0.9986347058880027
1.0	0.649474006171356
0.0	-0.7310494209415537
0.0	-0.333640865442723
0.0	-0.39201965900360536
0.0	-0.3626784055037955
0.0	0.5732770218530192
0.0	-0.7720081109097339
0.0	-0.37043465310295776
0.0	-0.20506742496074537
1.0	-0.29116117951944076
0.0	-0.45678614982363397
0.0	0.3969475968697569
1.0	-0.3416548544001705
0.0	0.16728154787424154
0.0	-0.2614339402708886
0.0	-0.1788026607261154
0.0	-0.14086238884819424
0.0	-0.32348635304038376
0.0	-0.4236774922849136
0.0	0.2660569510527073
0.0	-0.33957240364804553
1.0	0.7656574111932501
0.0	0.07960810072149438
0.0	-0.3506283853193929
0.0	-0.4543878850204569
0.0	-0.2642067169010267
1.0	-0.06537930512105672
0.0	-0.6405330235203235
0.0	-0.046496903259616085
0.0	0.3416924794370617
0.0	-0.527799992900037
1.0	0.6964924787353157
0.0	-0.29406282642687365
1.0	0.41560796942089784
0.0	-0.23832793841513877
1.0	-0.5892673762488685
1.0	-0.13531683648115922
1.0	0.7477466519954441
1.0	0.6535100365946152
0.0	-0.266804024482884
0.0	-0.4320423815441059
0.0	-0.5374517482812625
0.0	-0.10174050897571374
0.0	-0.247663880549008
0.0	-0.2623112083152679
0.0	-0.47320011429096653
1.0	0.7700800548594811
0.0	0.346992390343976
1.0	0.6233260124054021
0.0	-0.4961772450657259
1.0	1.2287097263601843
0.0	0.4700088043580466
0.0	-0.06980194789404637
0.0	-0.23163590183041727
1.0	-0.08993613034097747
0.0	-0.68301270863991
1.0	1.0203600560772714
1.0	0.003166099513824072
1.0	0.0243765927838151


> Teste: 

MSE 0.13925707564570253
Taxa Acerto: 79.36507936507937


target	 y
1.0	0.07455382975685554
1.0	-0.12704573124856877
0.0	-0.2452069179699219
0.0	-0.32555670318019414
0.0	-0.044297682038815234
1.0	1.2552322319530993
0.0	-0.6057515133071323
0.0	0.221413755712891
1.0	-0.08185196807844886
0.0	0.18880785633224417
1.0	-0.3950616509138095
0.0	0.4584615404806076
0.0	-0.388931069126111
0.0	-0.5528595744269212
1.0	0.5324472029658294
0.0	1.0734510393435546
0.0	-0.19092285341190351
1.0	0.3234417041598794
0.0	-0.64514260935292
1.0	1.012720578946785
1.0	0.6608923989678046
0.0	-0.5131526651337771
0.0	-0.36507666950327666
1.0	0.08863970272609256
0.0	0.2930241398370097
1.0	1.1490272813895466
0.0	0.47089817301474035
0.0	0.31914793431899
0.0	-0.2188253840703117
0.0	-0.46278786053034215
1.0	-0.21459031006467622
0.0	-0.1555097167039996
1.0	0.840649213607537
0.0	-0.3107926049452583
0.0	-0.24578047337925912
0.0	0.03625114481317793
1.0	0.07095038304962875
0.0	-0.23725162678838363
0.0	-0.33748995289592065
1.0	-0.030095038600902235
0.0	-0.38400566924246227
0.0	-0.23725162678838363
0.0	0.36547670575481495
0.0	0.39161259890845446
1.0	-0.11025725495427496
0.0	-0.3117987440706279
0.0	-0.7118626798440829
1.0	-0.3453750715760734
0.0	0.5354069217623334
1.0	0.2867767875806351
0.0	-0.0646188066521125
1.0	0.24714005078887658
0.0	-0.059822277849454375
1.0	0.8664692927101243
1.0	-0.05413638233075768
1.0	-0.013868016299935615
1.0	0.413080834340426
0.0	-0.13461503668136499
1.0	0.03144251733886039
0.0	-0.09081339838535674
1.0	0.9090657482088418
0.0	-0.16943163234155334
0.0	0.3908642011413699
1.0	-0.09245116480913496
1.0	-0.2936883145999125
0.0	-0.08053001570572282
0.0	0.19252807350814694
0.0	-0.5264078672222297
0.0	-0.4630335020800086
0.0	0.02236431462262134
0.0	-0.44845634681513435
0.0	0.3177558086411829
0.0	0.11951405085266398
0.0	-0.31211455812168
1.0	-0.06631527165549533
1.0	0.9242987320862985
1.0	1.0059117718933877
0.0	-0.11538169770614937
0.0	0.3990651338725746
0.0	-0.22589193248199424
0.0	-0.531403439607264
1.0	0.7129651417822531
0.0	-0.655425992032554
0.0	-0.4466897093103659
0.0	-0.5716016311960452
0.0	-0.49580273332831015
0.0	-0.3662697515987079
0.0	-0.5288061320254066
0.0	-0.04549076413424635
0.0	-0.1435764669882731
1.0	0.025639849410832527
1.0	0.0452591741347903
0.0	-0.2922961897258006
0.0	0.02968797850575111
0.0	0.01643277835795387
0.0	-0.35907495879656837
1.0	0.9718907600595958
1.0	0.3074724240208937
0.0	-0.3782151019267489
1.0	0.590264541729689
0.0	-0.10041855669253308
0.0	-0.2198315231956811
0.0	0.21336467970105533
1.0	0.715047592534378
1.0	0.3666818884625602
1.0	0.09709837487492723
0.0	-0.10817480420215009
0.0	-0.42099850048507304
0.0	-0.4111477015214715
1.0	0.6466189564275175
1.0	0.7082387854809804
1.0	-0.44012654380663485
0.0	-0.4353300150039765
0.0	-0.6520215889077031
0.0	-0.5225587797690319
1.0	0.8111797156277247
0.0	-0.018477602132532134
1.0	0.6619687106841052
1.0	-0.38400566924246227
0.0	-0.1564571572497644
0.0	-0.6352918103893184
0.0	-0.5562639775517721
0.0	0.45902299527763035
0.0	0.26694632051309664
0.0	-0.4066790873821796
0.0	-0.3501837009910461
0.0	-0.12091514946087012
0.0	-0.4790027822189945
0.0	0.22485324508843485
0.0	0.07008521367690856
0.0	0.20799459629275519
1.0	0.49690519517693477
0.0	-0.10116695356637662
0.0	-0.63668393526343
1.0	0.040860730645774224
0.0	0.13617365686966298
0.0	0.5669715977075731
0.0	-0.573403354147811
0.0	-0.46594662299876777
0.0	-0.2585909911393648
1.0	0.09633787923987924
0.0	-0.593256808794383
0.0	0.5886146746935965
0.0	-0.08595817109263926
0.0	-0.5052675464536243
0.0	-0.1887823307707075
0.0	-0.3361680005231946
1.0	-0.07978161793863825
0.0	-0.3204443611301795
1.0	0.5647602758744579
1.0	0.6228813280770551
0.0	0.2659988771334354
0.0	-0.7717624693600675
0.0	-0.47704920254786
0.0	-0.04933985158744414
0.0	-0.7114766940953409
0.0	-0.055212692016857634
1.0	0.09185716174392211
1.0	-0.07937201986098441
0.0	-0.4392492750481053
0.0	-0.5392885582874166
1.0	1.1340992257333826
1.0	0.9912644441271277
0.0	0.17568152338412646
0.0	-0.16762990938978772
0.0	-0.509432447957874
0.0	-0.5559481643044157
0.0	-0.6081497781103091
0.0	0.12662657328545412
0.0	-0.17236836630337482
0.0	-0.39625473300924086
0.0	-0.15342726595187473
0.0	-0.3750442389355544
0.0	0.2154471304531802
0.0	-0.1539887206593521
0.0	-0.0668888269752872
1.0	0.7578430917050167
1.0	0.2518543084184901
0.0	-0.16630795621336603
0.0	-0.6005103001761272
0.0	0.16583072555748446
0.0	-0.5819437123657385
0.0	-0.2574559817367006
0.0	-0.06947403403437558
1.0	0.7228159407458545
0.0	-0.5016640997463974
0.0	0.2861451602822265
1.0	0.7015467488962588
0.0	-0.07011776194509856
1.0	0.607859488483834
0.0	-0.780092272368567
1.0	0.1687904451576845
0.0	-0.5134684783811334
0.0	-0.3599056288736574
0.0	-0.3295697479650751
0.0	-0.39657054625659727
0.0	0.007716986856361352
1.0	-0.1355745778394445
0.0	-0.38060126611761136
0.0	-0.24741823980303712
1.0	0.6192433840148523
1.0	0.5911297099654498
0.0	-0.1644711470109076
1.0	0.39017387606705234
0.0	-0.3364136412691654
0.0	-0.2115017201871816
1.0	0.38025290460206485
1.0	0.1900009384276753
0.0	-0.18802183319500432
0.0	0.7316484999717723
0.0	-0.3560686421223195
0.0	0.05315639342725742
1.0	0.41560796942089784
0.0	-0.5061448144980036
0.0	0.060234414713306705
0.0	-0.31059356216657785
1.0	0.4896983016729355
1.0	0.6503512742157351
0.0	-0.4093931654327131
0.0	0.003938073845204615
1.0	-0.4387344181288275
0.0	0.16551491231012805
1.0	0.4259494239896029
0.0	0.016877460745645445
1.0	1.0587450129976896
1.0	0.7088002402780031
0.0	-0.03862388519177773
0.0	-0.28661029226644896
0.0	0.051705570063086626
0.0	-0.15930010638128822
0.0	0.13894643349980118
1.0	0.6855072962558875
0.0	-0.2706410113237674
0.0	-0.06253635589998763
0.0	-0.5267357818855961
0.0	-0.36147322279604976
1.0	0.3698285521697815
0.0	-0.29014356638274474
0.0	-0.2751217268790692
0.0	0.920554313685767
0.0	0.1498493448061844
1.0	0.2780609979301525
1.0	0.8904646632225679
0.0	-0.09144502568376534
0.0	-0.18997541286613873
1.0	0.6859519805842342
1.0	0.013964339112736202
0.0	-0.512836851082725
1.0	0.9475795762997956
0.0	0.06053812928900415
0.0	0.09141247935623054
0.0	-0.47976328059839324
