> Parametros
Geracoes 10000
Individuos 10
Probabilidade Mutacao 0.1
PMax 0.01
PMin -0.01
Peso cruzamento (w) 0.1


> Treinamento: 

MSE: 0.09640022437651087
Taxa Acerto: 76.57894736842105


target	 y
0.0	0.27330494450467935
1.0	0.6315937395198787
0.0	0.2836871294137031
0.0	0.5004756861112883
0.0	0.33168916828564843
1.0	0.3396113832957566
0.0	0.2827482408233415
0.0	0.5819511543247438
0.0	0.45557704758407147
1.0	0.4085411579554344
1.0	0.41339986004265494
0.0	0.5294237520093188
1.0	0.572506854488125
1.0	0.3692028796395999
0.0	0.27957197940380024
0.0	0.33865986795351055
0.0	0.3440628822597313
1.0	0.5145025732566999
1.0	0.45986718720593084
0.0	0.4234623366910434
0.0	0.3241478992467862
0.0	0.31954967461522926
0.0	0.29494897222138117
0.0	0.3153470298559804
0.0	0.2828231088208031
1.0	0.5591659878660418
0.0	0.31511180592109556
1.0	0.42691125598756796
0.0	0.3702312700152207
0.0	0.3563501050024248
0.0	0.25839639252095487
0.0	0.46994128721852135
1.0	0.3728536027742083
0.0	0.49810120403907
1.0	0.3432590959897597
0.0	0.5311654233516954
0.0	0.2623521901113911
0.0	0.23317851670301937
0.0	0.3225539568634195
0.0	0.36714250345828986
1.0	0.5879567082502444
0.0	0.31137860540039525
0.0	0.4211617192115944
0.0	0.310587445882308
0.0	0.27330494450467935
0.0	0.3964142915585077
0.0	0.4134600946436525
0.0	0.3053457909182026
1.0	0.5368056686287141
1.0	0.6042269891400661
0.0	0.38014601760834466
0.0	0.2776679452013515
1.0	0.5227611372378899
0.0	0.3595273698266583
0.0	0.3374741320810718
0.0	0.4209887369306303
0.0	0.3896651854424249
0.0	0.3397115049272614
0.0	0.38832971368832747
1.0	0.5654213994009605
1.0	0.6029517515956326
0.0	0.30773189622434877
0.0	0.4643020454594592
0.0	0.3292271913508196
0.0	0.37737595577708266
1.0	0.4603356280397873
1.0	0.4507425956129376
0.0	0.34763472343831625
1.0	0.40140909894545684
0.0	0.4183694141868945
1.0	0.5153822310590996
1.0	0.36872381897650774
1.0	0.5978830792075704
0.0	0.38696999172188895
1.0	0.5180784282975921
1.0	0.4483584972294401
0.0	0.3274855200084429
0.0	0.3151856705138649
1.0	0.35207259213244996
0.0	0.4551784577927661
0.0	0.32581670962761455
0.0	0.4949239392148365
1.0	0.42662496813582274
1.0	0.45169310795883505
0.0	0.391012280656979
0.0	0.36658556435713086
1.0	0.36317407900270476
0.0	0.40148095691065666
0.0	0.3686499544970028
0.0	0.40402942466853126
0.0	0.26136324071378203
0.0	0.37617759326602396
1.0	0.5046763239478885
0.0	0.29147624913933456
0.0	0.32073641389236013
1.0	0.5102250604037348
0.0	0.37007091419106186
0.0	0.31105689023412103
0.0	0.27735885678696176
1.0	0.5201398079968588
0.0	0.22467310545676228
1.0	0.38729070348347105
0.0	0.33278841270016885
1.0	0.27892854895798735
0.0	0.4929460404196184
0.0	0.36261613638358914
0.0	0.3838782146110883
1.0	0.3822114112661732
0.0	0.44392062853530645
0.0	0.26687655015017864
0.0	0.6023841926482281
0.0	0.38641305262072995
1.0	0.3680920118778872
1.0	0.4366990681484133
0.0	0.23911221308867375
0.0	0.4221026147246048
1.0	0.41028182630146254
1.0	0.4754171627128194
0.0	0.42393178092959194
1.0	0.5041193848467294
0.0	0.29758292821429666
0.0	0.34072526149807464
1.0	0.5392626280870245
0.0	0.3117741851594389
1.0	0.475008956088627
0.0	0.36443468287260505
0.0	0.3205876814153936
0.0	0.3432717227416441
0.0	0.37942972608771897
1.0	0.6083537624971613
1.0	0.42082838056785354
0.0	0.5908496919635666
0.0	0.2957517549733963
0.0	0.3389077186402798
0.0	0.5931255022698113
0.0	0.30137836998057405
0.0	0.33786870843542327
0.0	0.4189379766522558
0.0	0.3117741851594389
0.0	0.31723843730654466
1.0	0.5124538203263276
1.0	0.546077989276972
0.0	0.38982554137984815
0.0	0.29020301851754987
0.0	0.3907770567220943
0.0	0.5094359078082964
0.0	0.19859020564123459
1.0	0.53157764393445
0.0	0.40417715414914923
0.0	0.32117904401804587
0.0	0.3601541595620248
1.0	0.5237126526934004
1.0	0.5927309260287242
1.0	0.5673400675214811
0.0	0.4571709899674383
1.0	0.5580541165863724
1.0	0.6039917653184458
0.0	0.44931001268495063
0.0	0.4420145877052881
1.0	0.5004746825933317
1.0	0.4209148719295173
0.0	0.3238388108323964
0.0	0.5054694903886244
0.0	0.32407303124932463
0.0	0.38626532354845555
0.0	0.2951219549106889
1.0	0.4632670491961547
0.0	0.4796936719515733
0.0	0.3690329073738876
0.0	0.3399341019799874
1.0	0.39450925372483797
0.0	0.36166462104134306
1.0	0.6283426101028757
1.0	0.5817771682307439
1.0	0.3023673193781831
0.0	0.42884971421311796
0.0	0.35016956133469335
0.0	0.4699276569316705
0.0	0.252831015354662
0.0	0.49056093851816435
0.0	0.3095610625426004
0.0	0.5108184300423003
0.0	0.3614314041423714
1.0	0.3677702965983485
0.0	0.4393193939847521
1.0	0.4202112072740405
1.0	0.40853714440521605
1.0	0.6195387302714646
0.0	0.2358737105368198
1.0	0.420903248565315
0.0	0.3667469236992462
0.0	0.5068155820852219
1.0	0.39594484679835107
0.0	0.3608744650412124
0.0	0.43535397956142874
0.0	0.4417075059184679
1.0	0.4427318823355268
0.0	0.3308115174229073
0.0	0.36936724942232063
1.0	0.5224520488235
1.0	0.49111587058341016
0.0	0.27671642974584104
0.0	0.2881386283776779
1.0	0.26688817349737093
1.0	0.6039917653184458
1.0	0.5358531497685115
1.0	0.36784717163172326
0.0	0.32099588794333156
0.0	0.4114705725012422
1.0	0.4298750941481334
0.0	0.3109830256413516
0.0	0.37368018931174535
0.0	0.2970259891131376
0.0	0.44470877802113196
0.0	0.3469174285129984
1.0	0.3805395904447395
1.0	0.29805237256610967
1.0	0.3721353043309339
0.0	0.5609232965141727
0.0	0.381801197702322
1.0	0.5842973723223135
1.0	0.5413310321854584
0.0	0.24419250882392818
0.0	0.3308853819024123
0.0	0.3192405862008395
0.0	0.3119335375789055
0.0	0.5023028453936267
0.0	0.23928519577798144
0.0	0.3267692284878172
0.0	0.3449269028526314
1.0	0.3429383842281776
0.0	0.3052719263254332
0.0	0.47465081038494633
1.0	0.3262122893866582
0.0	0.4263042560791615
0.0	0.3331091244617509
0.0	0.36047888528216876
0.0	0.36564567226582256
0.0	0.3133544972729646
0.0	0.3155448197355022
0.0	0.4178210883044115
0.0	0.32660786914570183
1.0	0.5164172273053942
0.0	0.40798421926261896
0.0	0.3076433979570462
0.0	0.30257673260489726
0.0	0.32970926245451704
1.0	0.38711872418184556
0.0	0.26648097039113505
0.0	0.39181606692695076
0.0	0.4635993843219389
0.0	0.29011652717289604
1.0	0.5284848634189572
0.0	0.3297841305652431
1.0	0.4919090371374107
0.0	0.3477834560285472
1.0	0.27816264307394334
1.0	0.37244539615001576
1.0	0.548783802957018
1.0	0.5323677999345806
0.0	0.32208150207100106
0.0	0.31367821947515206
0.0	0.2917114730742194
0.0	0.36649806949452035
0.0	0.34628762833702653
0.0	0.34295000757536986
0.0	0.2984479523251533
1.0	0.5367171703614116
0.0	0.47405844415107307
1.0	0.512365322059025
0.0	0.2935280125273221
1.0	0.60723787725893
0.0	0.4899175080553415
0.0	0.36681878125610246
0.0	0.3556338134817992
1.0	0.3658672658005919
0.0	0.25442796817863417
1.0	0.5929631394097392
1.0	0.40440075431148825
1.0	0.40583434075743174
1.0	0.3938658232790251
1.0	0.36484188597884093
0.0	0.35277826382384
0.0	0.3361270369797821
0.0	0.3787979189890983
1.0	0.6422986431131332
0.0	0.27077010660830225
0.0	0.4508559011837187
1.0	0.37110892087796177
0.0	0.4246470693406046
1.0	0.30494920764120237
0.0	0.47827170885282205
0.0	0.31954967461522926
0.0	0.28480100761602123
1.0	0.5071499241166451
0.0	0.6173169947480392
0.0	0.36420046245567683
1.0	0.4527204944081557
0.0	0.2590261926969267
1.0	0.594385102621755
1.0	0.49111587058341016
0.0	0.27671642974584104
0.0	0.2881386283776779
1.0	0.26688817349737093
1.0	0.6039917653184458
1.0	0.5358531497685115
1.0	0.36784717163172326
0.0	0.32099588794333156
0.0	0.4114705725012422
1.0	0.4298750941481334
0.0	0.3109830256413516
0.0	0.37368018931174535
0.0	0.2970259891131376
0.0	0.44470877802113196
0.0	0.3469174285129984
1.0	0.3805395904447395
1.0	0.29805237256610967
1.0	0.3721353043309339
0.0	0.5609232965141727
0.0	0.381801197702322
1.0	0.5842973723223135
1.0	0.5413310321854584
0.0	0.24419250882392818
0.0	0.3308853819024123
0.0	0.3192405862008395
0.0	0.3119335375789055
0.0	0.5023028453936267
0.0	0.23928519577798144
0.0	0.3267692284878172
0.0	0.3449269028526314
1.0	0.3429383842281776
0.0	0.3052719263254332
0.0	0.47465081038494633
1.0	0.3262122893866582
0.0	0.4263042560791615
0.0	0.3331091244617509
0.0	0.36047888528216876
0.0	0.36564567226582256
0.0	0.3133544972729646
0.0	0.3155448197355022
0.0	0.4178210883044115
0.0	0.32660786914570183
1.0	0.5164172273053942
0.0	0.40798421926261896
0.0	0.3076433979570462
0.0	0.30257673260489726
0.0	0.32970926245451704
1.0	0.38711872418184556
0.0	0.26648097039113505
0.0	0.39181606692695076
0.0	0.4635993843219389
0.0	0.29011652717289604
1.0	0.5284848634189572
0.0	0.3297841305652431
1.0	0.4919090371374107
0.0	0.3477834560285472
1.0	0.27816264307394334
1.0	0.37244539615001576
1.0	0.548783802957018
1.0	0.5323677999345806
0.0	0.32208150207100106
0.0	0.31367821947515206
0.0	0.2917114730742194
0.0	0.36649806949452035
0.0	0.34628762833702653
0.0	0.34295000757536986
0.0	0.2984479523251533
1.0	0.5367171703614116
0.0	0.47405844415107307
1.0	0.512365322059025
0.0	0.2935280125273221
1.0	0.60723787725893
0.0	0.4899175080553415
0.0	0.36681878125610246
0.0	0.3556338134817992
1.0	0.3658672658005919
0.0	0.25442796817863417
1.0	0.5929631394097392
1.0	0.40440075431148825
1.0	0.40583434075743174


> Teste: 

MSE 0.09156293526083077
Taxa Acerto: 78.57142857142857


target	 y
1.0	0.3938658232790251
1.0	0.36484188597884093
0.0	0.35277826382384
0.0	0.3361270369797821
0.0	0.3787979189890983
1.0	0.6422986431131332
0.0	0.27077010660830225
0.0	0.4508559011837187
1.0	0.37110892087796177
0.0	0.4246470693406046
1.0	0.30494920764120237
0.0	0.47827170885282205
0.0	0.31954967461522926
0.0	0.28480100761602123
1.0	0.5071499241166451
0.0	0.6173169947480392
0.0	0.36420046245567683
1.0	0.4527204944081557
0.0	0.2590261926969267
1.0	0.594385102621755
1.0	0.5432224396190127
0.0	0.2934541479345527
0.0	0.314628731412706
1.0	0.4039535535614567
0.0	0.4595454720396566
1.0	0.6164747709047479
0.0	0.5032447444075838
0.0	0.44217494364271137
0.0	0.35491651844321687
0.0	0.3004258511203714
1.0	0.35627624040965544
0.0	0.36230805148715595
1.0	0.5452089513378278
0.0	0.3260509300445428
0.0	0.33636025387875373
0.0	0.405772099642129
1.0	0.3863245542401629
0.0	0.3482655271322447
0.0	0.3270034489047454
1.0	0.37547192157463394
0.0	0.323913678829858
0.0	0.3482655271322447
0.0	0.4581098785577999
0.0	0.46390746921837217
1.0	0.3777609157068906
0.0	0.32613742138919666
0.0	0.25441634483144193
1.0	0.332084748044692
0.0	0.4977046207620697
1.0	0.45835873276252576
0.0	0.390691568895397
1.0	0.4502741548923455
0.0	0.3853011813410606
1.0	0.5540973154779796
1.0	0.39323802973062283
1.0	0.39514106093672297
1.0	0.4848498392022459
0.0	0.3668324115259435
1.0	0.38799436813894783
0.0	0.37570814891421095
1.0	0.5527365899765745
0.0	0.3622589941978651
0.0	0.4835027439876918
1.0	0.38197618733128835
1.0	0.33587918629301283
0.0	0.36793165594046395
0.0	0.41877461068257077
0.0	0.28750782479701387
0.0	0.30408518704830234
0.0	0.4060073234637494
0.0	0.30685424536160766
0.0	0.4447836460185935
0.0	0.4269603132768588
0.0	0.3292281948687762
1.0	0.38777377799186064
1.0	0.5956603401661884
1.0	0.5999484728653992
0.0	0.36307395737119996
0.0	0.4753306713681656
0.0	0.3409711052621951
0.0	0.28257525813403384
1.0	0.5444946667398508
0.0	0.26680268567067367
0.0	0.31034059871349534
0.0	0.2812407897846286
0.0	0.29962306823808194
0.0	0.3275603880059045
0.0	0.29020301851754987
0.0	0.39172957558229693
0.0	0.3714316395621926
1.0	0.393471247037938
1.0	0.3871905817387018
0.0	0.3332704838038663
0.0	0.4076761338445777
0.0	0.40172981111538253
0.0	0.3194748066177677
1.0	0.5992321813447734
1.0	0.4525601385839969
0.0	0.29526868046500665
1.0	0.5255448293389928
0.0	0.3633208045400126
0.0	0.3550030097878707
0.0	0.4458985273305246
1.0	0.5448902464988945
1.0	0.46834634143046244
1.0	0.4152902639582527
0.0	0.3781564954659342
0.0	0.3094745711979465
0.0	0.3182025795139396
1.0	0.5141944882640122
1.0	0.5504536167425385
1.0	0.3084365643977822
0.0	0.3030461768434458
0.0	0.26402100049221944
0.0	0.29138975779468074
1.0	0.5745469945119104
0.0	0.38768628324251464
1.0	0.5437045107397203
1.0	0.323913678829858
0.0	0.37158037215242357
0.0	0.26775420101291975
0.0	0.28758269279447546
0.0	0.4715215993320472
0.0	0.4311483247699181
0.0	0.29273484597332167
0.0	0.31430701613316725
0.0	0.3794423529528678
0.0	0.3039248312241435
0.0	0.4483584972294401
0.0	0.41933355641129944
0.0	0.43487090505303916
1.0	0.49928794331620086
0.0	0.3829160794396066
0.0	0.2703629035020663
1.0	0.41322687733633734
0.0	0.4301249513492078
0.0	0.5237156631340056
0.0	0.2774701553218297
0.0	0.2995482002406204
0.0	0.337077548917336
1.0	0.41171741978331927
0.0	0.273143585162564
0.0	0.5086447482902092
0.0	0.3795035906634784
0.0	0.2883728487946061
0.0	0.3419964851972106
0.0	0.32382618396724755
1.0	0.3483363811711443
0.0	0.32764587583260174
1.0	0.513565691605997
1.0	0.5057017038829039
0.0	0.4404206448965678
0.0	0.23562585985005055
0.0	0.294566019214222
0.0	0.38784764258463
0.0	0.2518941336869492
0.0	0.39275595903526894
1.0	0.414017033336468
1.0	0.35471571812308966
0.0	0.29859568138041775
0.0	0.28765655727398043
1.0	0.6165122048298365
1.0	0.5966108521037423
0.0	0.4284551375636873
0.0	0.36602962866066396
0.0	0.28758168927651884
0.0	0.2844919192016314
0.0	0.2734653003288382
0.0	0.39513805049611767
0.0	0.3488204591974905
0.0	0.3178808642344009
0.0	0.36270363124619953
0.0	0.3193144507936089
0.0	0.4462941070895682
0.0	0.3694537407839844
0.0	0.37135576806378434
1.0	0.5538524752318157
1.0	0.4211470858321404
0.0	0.3628523638364305
0.0	0.27204333723008695
0.0	0.41972712954277336
0.0	0.2798314534547717
0.0	0.3467454492283828
0.0	0.3868961271291195
1.0	0.5532226750558439
0.0	0.2959141178334683
0.0	0.4645402798349494
1.0	0.5426032592892864
0.0	0.3699095547356821
1.0	0.49626902739347745
0.0	0.23404354081387604
1.0	0.41028182630146254
0.0	0.29654492152739675
0.0	0.3153333995861393
0.0	0.3222064309889745
0.0	0.3209716378272449
0.0	0.4026697027020927
1.0	0.35293661272535
0.0	0.32113199365140377
0.0	0.34262829229583125
1.0	0.5353108444551502
1.0	0.4925358268727772
0.0	0.366907279523405
1.0	0.480498461852766
0.0	0.3274855200084429
0.0	0.35658532882404526
1.0	0.4712018910884217
1.0	0.4117154127474061
0.0	0.34556932978048766
0.0	0.5388690552506297
0.0	0.29604721310093507
0.0	0.4052774020646163
1.0	0.4919090371374107
0.0	0.2982137319082251
0.0	0.4106055480953063
0.0	0.33637388414859476
1.0	0.4842054052214665
1.0	0.5314901490718394
0.0	0.29852081328670166
0.0	0.39935633256112074
1.0	0.30582786202190004
0.0	0.42281790313561746
1.0	0.4615329871461538
0.0	0.40839342888316
1.0	0.6047935446657687
1.0	0.5437035072217635
0.0	0.36356664832114305
0.0	0.34120733260177205
0.0	0.398700275250159
0.0	0.36761194769683847
0.0	0.43352481335644166
1.0	0.5418743410167763
0.0	0.34136768853919536
0.0	0.3910871486544406
0.0	0.26743047881073234
0.0	0.3221700004515681
1.0	0.446055873235686
0.0	0.33423462602827114
0.0	0.34366730250068767
0.0	0.5551965598924999
0.0	0.3963986542527535
1.0	0.4592986247405696
1.0	0.5820988833970181
0.0	0.38188969598663447
0.0	0.35492814179040916
1.0	0.5485379591928975
1.0	0.40385644197922355
0.0	0.2903633744549731
1.0	0.5743213870185789
0.0	0.3843466554449448
0.0	0.4073534155686905
0.0	0.300351986527602
