> Parametros
Geracoes 10000
Individuos 10
Probabilidade Mutacao 0.001
PMax 1.0
PMin -1.0
Peso cruzamento (w) 0.5


> Treinamento: 

MSE: 0.12773639338827414
Taxa Acerto: 76.84210526315789


target	 y
0.0	-0.40662627336936313
1.0	1.1388355910842045
0.0	-0.3977770967526259
0.0	0.46400508857170636
0.0	-0.10987035916544924
1.0	-0.1255962017925808
0.0	-0.2546089253859751
0.0	0.999432841512431
0.0	0.2922369557321482
1.0	0.10085947220558572
1.0	0.36935728661199446
0.0	0.6902910442083343
1.0	0.8882316180712306
1.0	0.19225333934779715
0.0	-0.3528807158053588
0.0	-0.14309286733457283
0.0	-0.045678202510883226
1.0	0.5403580953686165
1.0	0.3696721210825907
0.0	0.25079242160005283
0.0	-0.18607825082831025
0.0	-0.18944649691135024
0.0	-0.39438056411349476
0.0	-0.20571588876576058
0.0	-0.35410798949294064
1.0	0.7683263325925931
0.0	-0.14951578382659264
1.0	0.24311457467960834
0.0	0.02861869169844794
0.0	-0.08346794320018264
0.0	-0.3958943858551873
0.0	0.45258821766108576
1.0	0.014860420331383517
0.0	0.5822280919082459
1.0	-0.18054074648807572
0.0	0.7228015413610638
0.0	-0.52490585051244
0.0	-0.4118784892859836
0.0	-0.335954627110595
0.0	-0.00848732522490342
1.0	0.8288649552952545
0.0	-0.23736926171150602
0.0	0.3103324860661694
0.0	-0.2115669687800555
0.0	-0.40662627336936313
0.0	0.18194817373204636
0.0	0.19082563690487458
0.0	-0.3064987996724903
1.0	0.68238385216121
1.0	0.9017611741268634
0.0	0.02741970456695736
0.0	-0.3470579223471552
1.0	0.6494466324157002
0.0	-0.026012278017341572
0.0	-0.14520555317393996
0.0	0.10636869165909285
0.0	0.03912186390119193
0.0	0.09623440805734534
0.0	0.2360073069701108
1.0	0.620590928566161
1.0	0.9201149652645495
0.0	-0.22324084155819884
0.0	0.4521897823187517
0.0	-0.05281312932494214
0.0	0.15854385436922197
1.0	0.33890416028863085
1.0	0.3858849398248187
0.0	0.03969244144277523
1.0	0.13159914644345444
0.0	-0.0023214124093760002
1.0	0.5349054501419062
1.0	-0.019275786545616513
1.0	1.0291469297542004
0.0	0.07074695029084604
1.0	0.46246423921006413
1.0	0.2209947319317967
0.0	-0.08532362647767172
0.0	-0.2081987226970154
1.0	-2.3827164198236828E-4
0.0	0.4275864781881555
0.0	-0.135700938652991
0.0	0.5247724267254046
1.0	0.2292155006279903
1.0	0.44419773227271747
0.0	0.043717383671813825
0.0	0.0019309873095671448
1.0	-0.04014069817064864
0.0	0.1545484583267715
0.0	0.039407153019161145
0.0	0.19947312416076596
0.0	-0.4926529843481268
0.0	-0.004233667684432896
1.0	0.5619067302048473
0.0	-0.21710447312028985
0.0	-0.22814993630852604
1.0	0.6235877663720675
0.0	-0.014680266774994677
0.0	-0.28315105411620334
0.0	-0.23217487784320964
1.0	0.6223887792405769
0.0	-0.6662478840938345
1.0	0.15734486793208652
0.0	-0.20973957205865745
1.0	-0.44444430130910856
0.0	0.589278159054031
0.0	0.011093738906009565
0.0	0.15608930699405837
1.0	0.02407974573436339
0.0	0.2609254450165543
0.0	-0.46285466555897725
0.0	0.6882361916663957
0.0	0.08116526282531672
1.0	0.09064159009581946
1.0	0.31213159720648503
0.0	-0.6053956862718625
0.0	0.08553206492078796
1.0	0.1741860962642217
1.0	0.5321360688508954
0.0	0.1792083355695499
1.0	0.5723250427393178
0.0	-0.20665787402972824
0.0	-0.14643282686152176
1.0	0.8294072457259969
0.0	-0.2502704081772313
1.0	0.3843723777136228
0.0	-0.13752707643824713
0.0	-0.06996793263678291
0.0	-0.01987590957943275
0.0	-0.04627706660855768
1.0	1.0583457553247821
1.0	0.06306973137668054
0.0	0.7907892963670926
0.0	-0.2187018955941144
0.0	-0.03862813536509785
0.0	0.9416636006555297
0.0	-0.37896829716042346
0.0	-0.11729057440312235
0.0	0.1887412366465901
0.0	-0.2502704081772313
0.0	-0.3722035191326072
1.0	0.5410983916919976
1.0	0.5488051555385307
0.0	0.08242082306898951
0.0	-0.28038293176133444
0.0	0.09991748861098165
0.0	0.567757809524787
0.0	-0.5977467550284027
1.0	0.7073007336352299
0.0	0.0821072473949293
0.0	-0.007687403250994984
0.0	0.06815096944087157
1.0	0.6669432986520472
1.0	0.913748622579067
1.0	0.6938007230718302
0.0	0.44211333201443287
1.0	0.7075307078828035
1.0	0.9579612797603863
0.0	0.23849139816814385
0.0	0.34838048922849735
1.0	0.5048212131138943
1.0	0.16505162886015173
0.0	-0.07119520632436466
0.0	0.45447218749466606
0.0	-0.08657918672134463
0.0	0.1985311412605168
0.0	-0.19041676803705404
1.0	0.21026284497236997
0.0	0.4897225211405281
0.0	-0.13415883049481286
0.0	-0.12063053393007123
1.0	0.228587091038083
0.0	-0.006402926635982575
1.0	1.1400628647717863
1.0	0.8362851706725329
1.0	-0.4112211633247366
0.0	0.30999062550538187
0.0	-0.035231603420321556
0.0	0.33273950584938
0.0	-0.45497576006794394
0.0	0.4652040757031967
0.0	-0.129564570215082
0.0	0.6042360466734793
0.0	-0.031835070781190244
1.0	0.044859796996767065
0.0	0.38000557561815124
1.0	0.2520196952876345
1.0	0.2641239727380557
1.0	1.2428736011552546
0.0	-0.44350357498128273
1.0	-0.03642933273028487
0.0	0.004413821240821847
0.0	0.4998838318074756
1.0	0.2535322573988305
0.0	-0.02141675824671979
0.0	0.22590382668212355
0.0	0.38163128297870336
1.0	0.3812611341924606
0.0	-0.18604996427221904
0.0	0.07228779895813325
1.0	0.7643296769196457
1.0	0.5364180122531021
0.0	-0.36455458858350226
0.0	-0.31785909747092844
1.0	-0.2613737034137914
1.0	0.9579612797603863
1.0	0.7057033111614055
1.0	-0.13627151619457423
0.0	0.07779575725138549
0.0	0.05385040708831518
1.0	0.26880435217695114
0.0	-0.22446811524578075
0.0	0.020940844778003398
0.0	-0.19623956149525773
0.0	0.3575715280753859
0.0	0.00681179550380312
1.0	0.09615080787996283
1.0	-0.2782419593658762
1.0	0.022795898934599268
0.0	0.839053293027402
0.0	-0.042051695069429185
1.0	0.6823285385399187
1.0	0.7036189125724845
0.0	-0.5129466886163274
0.0	-0.24473290383699664
0.0	-0.07456345240740475
0.0	-0.16615532446724574
0.0	0.6393136089991989
0.0	-0.4014318901954219
0.0	-0.1590203976531867
0.0	-0.08934730977056865
1.0	-0.267138664129316
0.0	-0.24781586080206758
0.0	0.3475239924730427
1.0	-0.14860208511871625
0.0	0.14261758201174096
0.0	-0.12314165441741726
0.0	-0.008515611780994525
0.0	0.1859152826636566
0.0	-0.22024274426140145
0.0	-0.2121664619986232
0.0	0.33202623701145845
0.0	-0.16150323158444152
1.0	0.7768323880430372
0.0	0.11127778640941982
0.0	-0.24359048981768838
0.0	-0.21619077441241347
0.0	0.0362676222475527
1.0	-0.08743505282614777
0.0	-0.449953519093252
0.0	0.17857992764900626
0.0	0.4983417242040468
0.0	-0.3823648297995547
1.0	0.8334592155749851
0.0	-0.0632314411650578
1.0	0.42898347023727584
0.0	-0.11848956153461304
1.0	-0.09731233442076653
1.0	-0.13290327080588904
1.0	0.759477155975856
1.0	0.7223145652459675
0.0	-0.14192216745352842
0.0	-0.25609320094107985
0.0	-0.27330457805945785
0.0	-0.059234786186465216
0.0	0.03509692236650824
0.0	-0.06565770198413018
0.0	-0.29114310583160147
1.0	0.66203420390172
0.0	0.3260595869350878
1.0	0.520748743432508
0.0	-0.34029314431933894
1.0	1.160814629478099
0.0	0.3736404907541961
0.0	0.027363131454774925
0.0	-0.15716471437569746
1.0	0.009866465218427878
0.0	-0.4275477581065777
1.0	0.9799968912664629
1.0	-0.17557382080403888
1.0	-0.06899640368955162
1.0	0.13702350553433312
1.0	0.051052739241213396
0.0	-0.16883858715384092
0.0	-0.14980107225020683
0.0	0.06364031003287823
1.0	1.1526504355634513
0.0	-0.3317022285062664
0.0	0.19582021946935996
1.0	0.10479829680521763
0.0	0.2937212329566166
1.0	-0.2527815286645772
0.0	0.5846260661712268
0.0	-0.18944649691135024
0.0	-0.4186137218215669
1.0	0.7063304618151711
0.0	1.0396501026512992
0.0	-0.12214309604126705
1.0	0.3213792074961925
0.0	-0.4241795127178926
1.0	0.8850933469301192
1.0	0.5364180122531021
0.0	-0.36455458858350226
0.0	-0.31785909747092844
1.0	-0.2613737034137914
1.0	0.9579612797603863
1.0	0.7057033111614055
1.0	-0.13627151619457423
0.0	0.07779575725138549
0.0	0.05385040708831518
1.0	0.26880435217695114
0.0	-0.22446811524578075
0.0	0.020940844778003398
0.0	-0.19623956149525773
0.0	0.3575715280753859
0.0	0.00681179550380312
1.0	0.09615080787996283
1.0	-0.2782419593658762
1.0	0.022795898934599268
0.0	0.839053293027402
0.0	-0.042051695069429185
1.0	0.6823285385399187
1.0	0.7036189125724845
0.0	-0.5129466886163274
0.0	-0.24473290383699664
0.0	-0.07456345240740475
0.0	-0.16615532446724574
0.0	0.6393136089991989
0.0	-0.4014318901954219
0.0	-0.1590203976531867
0.0	-0.08934730977056865
1.0	-0.267138664129316
0.0	-0.24781586080206758
0.0	0.3475239924730427
1.0	-0.14860208511871625
0.0	0.14261758201174096
0.0	-0.12314165441741726
0.0	-0.008515611780994525
0.0	0.1859152826636566
0.0	-0.22024274426140145
0.0	-0.2121664619986232
0.0	0.33202623701145845
0.0	-0.16150323158444152
1.0	0.7768323880430372
0.0	0.11127778640941982
0.0	-0.24359048981768838
0.0	-0.21619077441241347
0.0	0.0362676222475527
1.0	-0.08743505282614777
0.0	-0.449953519093252
0.0	0.17857992764900626
0.0	0.4983417242040468
0.0	-0.3823648297995547
1.0	0.8334592155749851
0.0	-0.0632314411650578
1.0	0.42898347023727584
0.0	-0.11848956153461304
1.0	-0.09731233442076653
1.0	-0.13290327080588904
1.0	0.759477155975856
1.0	0.7223145652459675
0.0	-0.14192216745352842
0.0	-0.25609320094107985
0.0	-0.27330457805945785
0.0	-0.059234786186465216
0.0	0.03509692236650824
0.0	-0.06565770198413018
0.0	-0.29114310583160147
1.0	0.66203420390172
0.0	0.3260595869350878
1.0	0.520748743432508
0.0	-0.34029314431933894
1.0	1.160814629478099
0.0	0.3736404907541961
0.0	0.027363131454774925
0.0	-0.15716471437569746
1.0	0.009866465218427878
0.0	-0.4275477581065777
1.0	0.9799968912664629
1.0	-0.17557382080403888
1.0	-0.06899640368955162


> Teste: 

MSE 0.1045830935127826
Taxa Acerto: 80.15873015873017


target	 y
1.0	0.13702350553433312
1.0	0.051052739241213396
0.0	-0.16883858715384092
0.0	-0.14980107225020683
0.0	0.06364031003287823
1.0	1.1526504355634513
0.0	-0.3317022285062664
0.0	0.19582021946935996
1.0	0.10479829680521763
0.0	0.2937212329566166
1.0	-0.2527815286645772
0.0	0.5846260661712268
0.0	-0.18944649691135024
0.0	-0.4186137218215669
1.0	0.7063304618151711
0.0	1.0396501026512992
0.0	-0.12214309604126705
1.0	0.3213792074961925
0.0	-0.4241795127178926
1.0	0.8850933469301192
1.0	0.5371312827603874
0.0	-0.2816102054489162
0.0	-0.19778041016254483
1.0	0.33978831447928287
0.0	0.3238903286778935
1.0	0.9953532149225996
0.0	0.37369706386637874
0.0	0.3916794483962948
0.0	-0.1900453610090247
0.0	-0.35564883816022774
1.0	-0.024785004329759774
0.0	0.0851606588677673
1.0	0.7965548863431162
0.0	-0.15108491904997096
0.0	-0.12436892810499894
0.0	0.19116749746566247
1.0	0.06081561387147211
0.0	-0.029408809962117977
0.0	-0.1744043780501668
1.0	0.16436664782742566
0.0	-0.17069427043133018
0.0	-0.029408809962117977
0.0	0.2989451606477819
0.0	0.4242748042422892
1.0	-0.09665437878387695
0.0	-0.04910302101175068
0.0	-0.6290287202517635
1.0	-0.1227715056311745
0.0	0.6359453629161587
1.0	0.3625937680750692
0.0	-0.04288053396942637
1.0	0.41665290131313387
0.0	0.020369638115526834
1.0	0.8773582970822436
1.0	0.08367638164329888
1.0	0.11866971509100172
1.0	0.4418563301469098
0.0	0.14721184382123004
1.0	0.07037680150460351
0.0	0.06735041765171496
1.0	0.7529140654999162
0.0	-0.06657077087675822
0.0	0.4372608103762879
1.0	0.08027985067353133
1.0	-0.2542658042196819
0.0	0.04734263092802177
0.0	0.26789065346907487
0.0	-0.2487578453716803
0.0	-0.20911242140489178
0.0	0.13496739183213963
0.0	-0.29942044666496864
0.0	0.2580724639684206
0.0	0.3948460044241338
0.0	-0.09362925386713011
1.0	0.2056094942680386
1.0	0.8667395557924329
1.0	1.0258069709216062
0.0	-0.26197130802057483
0.0	0.430154170812675
0.0	0.03966415488668401
0.0	-0.4585727214624157
1.0	0.6412258653888705
0.0	-0.40417172599419954
0.0	-0.3568478252917183
0.0	-0.3025034036300396
0.0	-0.5313275068192136
0.0	-0.18482269058463724
0.0	-0.28038293176133444
0.0	0.07659802961078604
0.0	0.10976396466772725
1.0	0.10910852745787042
1.0	-0.06448574261219459
0.0	-0.12065882048616244
0.0	0.18534470400745878
0.0	0.21819706575405856
0.0	-0.08994743280438477
1.0	0.9521101997460915
1.0	0.2780802490227498
0.0	-0.26696652193006665
1.0	0.6381711949798905
0.0	-0.11669045150891183
0.0	-0.08806346297080431
0.0	0.19641971268792807
1.0	0.6283247189231453
1.0	0.34352796661534374
1.0	0.2436857813420849
0.0	-0.10955552524960221
0.0	-0.23154646825330233
0.0	-0.1940420159876171
1.0	0.6144250140812697
1.0	0.7690383429146326
1.0	-0.3510250325278696
0.0	-0.2877748604429164
0.0	-0.4745285383371207
0.0	-0.31908637115851024
1.0	0.5635619852817453
0.0	0.14444372146636125
1.0	0.626212033778133
1.0	-0.17069427043133018
0.0	-0.048418038309661016
0.0	-0.38667506045220745
0.0	-0.3482569094786458
0.0	0.48261588157691543
0.0	0.3320828108179957
0.0	-0.23285860230351269
0.0	-0.24356220326159728
0.0	0.11438777099444025
0.0	-0.2524113798783345
0.0	0.2209947319317967
0.0	0.17584009018086483
0.0	0.17763920034617148
1.0	0.54352465251107
0.0	-0.10370444523530742
0.0	-0.5202820441857268
1.0	0.16539349109030305
0.0	0.2916368326983318
0.0	0.5444949243311288
0.0	-0.3406073491142926
0.0	-0.43182844271224824
0.0	-0.09148828147167182
1.0	0.1991312642943332
0.0	-0.40910910730061795
0.0	0.5935601024562376
0.0	-0.10496000492423102
0.0	-0.33324307786790847
0.0	-0.0015221184417464895
0.0	-0.2318600439273626
1.0	0.03435662479402307
0.0	-0.04202466800422905
1.0	0.6018940164017874
1.0	0.5207204568764168
0.0	0.19850411183159794
0.0	-0.5479683069507578
0.0	-0.22081458073912646
0.0	0.14692655539761584
0.0	-0.39343983848002384
0.0	-0.005404368259832371
1.0	0.18040732270104048
1.0	-0.061146413455243465
0.0	-0.4085089837120524
0.0	-0.40693984904342345
1.0	0.945603683076689
1.0	0.9250523465709679
0.0	0.2820756457595553
0.0	-0.02846682539250517
0.0	-0.30744078493645793
0.0	-0.3037306773176214
0.0	-0.36332731489592046
0.0	0.24111808941192042
0.0	0.04180512658778729
0.0	-0.2398238090866695
0.0	0.07225951240204204
0.0	-0.1332463912778274
0.0	0.1835185662222027
0.0	0.17426969644160423
0.0	0.2500791527621314
1.0	0.6504451907918505
1.0	0.23129989991126626
0.0	-0.08592249057534607
0.0	-0.2684237698652219
0.0	0.24457119446887893
0.0	-0.04693502224544732
0.0	-0.23796812580918036
0.0	0.1294298891612688
1.0	0.6787303176545556
0.0	-0.25703518620504745
0.0	0.27354130305866536
1.0	0.807713495755717
0.0	-0.017163101400604508
1.0	0.6110001955804023
0.0	-0.49636372108785676
1.0	0.1741860962642217
0.0	-0.32613643760994065
0.0	-0.32556460113221575
0.0	-0.13050592566380126
0.0	-0.2843500412476939
0.0	0.034212767481501205
1.0	-0.043907378901667626
0.0	-0.2410510827742513
0.0	-0.11143949508318257
1.0	0.7951542115201433
1.0	0.5231467176954894
0.0	0.04771277971426463
1.0	0.5837689412698877
0.0	-0.08532362647767172
0.0	-0.13966804883370532
1.0	0.3552018393934871
1.0	0.2807635133787089
0.0	0.04303240027536909
0.0	0.7606761424129915
0.0	-0.45343365190976576
0.0	-0.058578089485717466
1.0	0.42898347023727584
0.0	-0.2757591254346214
0.0	0.1383356379151795
0.0	-0.004520215738543942
1.0	0.39110886974009723
1.0	0.6461349601391977
0.0	-0.3090099208541912
0.0	0.29560394454841005
1.0	-0.21741804809999526
0.0	0.20004496230785457
1.0	0.5424978075788285
0.0	0.21822535064078602
1.0	1.1744560735163094
1.0	0.667028158320321
0.0	0.06940652968454458
0.0	-0.057352075289026694
0.0	0.0433755214416624
0.0	-0.08007141125540618
0.0	0.13222755603336184
1.0	0.5733518876715591
0.0	-0.01405311612122917
0.0	-0.05578168043515164
0.0	-0.35082460377252916
0.0	-0.12157251849968392
1.0	0.3621670478460079
0.0	0.05750268210407833
0.0	-0.03277705604515796
0.0	0.7774890841890356
0.0	0.14373171044996708
1.0	0.17860947202662464
1.0	0.8820669630772306
0.0	-0.021702047364688948
0.0	0.0114356011361611
1.0	0.5733801742276503
1.0	-0.004490671915674649
0.0	-0.23708397259353683
1.0	0.9028753015900803
0.0	0.12532134620009833
0.0	0.18037903781431291
0.0	-0.29696589928980505
