> Parametros
Geracoes 10000
Individuos 10
Probabilidade Mutacao 0.001
PMax 0.1
PMin -0.1
Peso cruzamento (w) 0.9


> Treinamento: 

MSE: 0.22047863068230725
Taxa Acerto: 77.63157894736842


target	 y
0.0	-0.8077494805313404
1.0	1.297470382039106
0.0	-0.6363070871322906
0.0	0.43905570562491447
0.0	-0.494577712825233
1.0	-0.33512924071875205
0.0	-0.7006184018094973
0.0	0.886293101766283
0.0	0.2594323310066686
1.0	-0.019890167038735695
1.0	-0.06264311075663387
0.0	0.7869429759368181
1.0	0.8419232648643693
1.0	-0.03712989201060535
0.0	-0.7540354528756991
0.0	-0.36124957752089315
0.0	-0.40605829777936664
1.0	0.7588320495808671
1.0	0.23235587550056747
0.0	0.008220759162163915
0.0	-0.4867068751484258
0.0	-0.5356386790226608
0.0	-0.5928166491539816
0.0	-0.5809646336540959
0.0	-0.7348298350464053
1.0	0.9537582163512182
0.0	-0.565661841657042
1.0	0.029229301125638596
0.0	-0.17074347208523255
0.0	-0.30789771344145667
0.0	-0.8740513846073055
0.0	0.32779001049371925
1.0	-0.26536339416710764
0.0	0.4801818578346697
1.0	-0.3750790164410258
0.0	0.883036251095614
0.0	-0.8379929019236811
0.0	-1.0204846307049302
0.0	-0.5257005331411777
0.0	-0.2965629332889703
1.0	1.0944531188339883
0.0	-0.5788321394370924
0.0	0.07789672092937927
0.0	-0.5860438359738174
0.0	-0.8077494805313404
0.0	-0.09914210790602418
0.0	0.06685891959709922
0.0	-0.5850877172698574
1.0	0.6974022552002264
1.0	1.026767746620582
0.0	-0.15697922015186516
0.0	-0.7435148846600513
1.0	0.7296230990383765
0.0	-0.3172419051696229
0.0	-0.4348283651203484
0.0	0.09717905979535768
0.0	-0.14682081648686052
0.0	-0.44572262857630196
0.0	-0.15197673663806155
1.0	0.982901978932506
1.0	1.1511138547473985
0.0	-0.6016436055347485
0.0	0.450662764569177
0.0	-0.38104915047794163
0.0	-0.11945891621047222
1.0	0.32727277514632025
1.0	0.2885645619238555
0.0	-0.34903539844480247
1.0	-0.10936570078856178
0.0	0.0035152530571858076
1.0	0.6308800933407395
1.0	-0.2193782983955903
1.0	1.1327876358417093
0.0	-0.14351194480793739
1.0	0.5648099798418864
1.0	0.17959796557444818
0.0	-0.4771424256367377
0.0	-0.537112032099582
1.0	-0.31901223581042126
0.0	0.4441102114033013
0.0	-0.4819246503925816
0.0	0.4895260495628364
1.0	0.16259003117969062
1.0	0.3774461437511316
0.0	-0.1170946304419187
0.0	-0.25631618000281886
1.0	-0.29443043907196653
0.0	0.04470659463952553
0.0	-0.24792810697861234
0.0	-0.07846313923057657
0.0	-0.8470075225945871
0.0	-0.15484672496042395
1.0	0.6099041448706475
0.0	-0.6976716946812173
0.0	-0.5248211342175736
1.0	0.7477175273669536
0.0	-0.18965211235064894
0.0	-0.5538881781479948
0.0	-0.7567619012460195
1.0	0.7614817793003208
0.0	-1.0005431529296365
1.0	-0.10569466330266675
0.0	-0.41135775788261
1.0	-0.704147531271942
0.0	0.47149680822102424
0.0	-0.19142244396588515
0.0	-0.08104768055188472
1.0	-0.211352388947589
0.0	0.1495748029400672
0.0	-0.8176109076069058
0.0	1.1040291011392662
0.0	-0.10326519152178593
1.0	-0.14492011187253095
1.0	0.25802416617284196
0.0	-0.9663969066794939
0.0	0.01668555099228808
1.0	0.13896435314519562
1.0	0.37429234258707367
0.0	0.04037641601354802
1.0	0.6501508981567989
0.0	-0.6628663072909922
0.0	-0.41562274729105464
1.0	0.8976799029270237
0.0	-0.57522629116873
1.0	0.40887747121933904
0.0	-0.2550630847094195
0.0	-0.5191595095636877
0.0	-0.41326999431609146
0.0	-0.1984023499254981
1.0	1.1690663772832932
1.0	0.078270416169685
0.0	1.0929471722636837
0.0	-0.5610346886723923
0.0	-0.41474334739301255
0.0	1.0021859498821277
0.0	-0.6457164648727842
0.0	-0.3684612740576181
0.0	-0.012161235154611427
0.0	-0.57522629116873
0.0	-0.5532942239946779
1.0	0.5239692724024183
1.0	0.6982931867623694
0.0	-0.12791217524700604
0.0	-0.6988480711686988
0.0	-0.10179183844486484
0.0	0.6149833462159311
0.0	-1.1827379041470083
1.0	0.5974061542091904
0.0	-0.021363518859327746
0.0	-0.38822825352128376
0.0	-0.07789388064415603
1.0	0.7557434368149554
1.0	0.9358188597938348
1.0	0.8086679503314211
0.0	0.29842598899942074
1.0	0.9087292383092229
1.0	1.0420705395920737
0.0	0.20571830335102748
0.0	0.2856178570263421
1.0	0.5018169474448444
1.0	0.06862924800713066
0.0	-0.49995389173439386
0.0	0.49159335679307414
0.0	-0.4524954419115178
0.0	-0.16036480966226785
0.0	-0.6120989857891931
1.0	0.2458998694953618
0.0	0.44816810580153055
0.0	-0.20613128196467367
0.0	-0.42283444382777946
1.0	-0.025860298844884166
0.0	-0.21754278076802636
1.0	1.2782647642098117
1.0	0.9683366811958625
1.0	-0.6367018442018781
0.0	0.18988674544375095
0.0	-0.37125291038914165
0.0	0.42874223003366385
0.0	-0.722628820974388
0.0	0.42529145369154686
0.0	-0.5779527395390505
0.0	0.7531262997694974
0.0	-0.3277624724108328
1.0	-0.11997615155787122
0.0	0.28892672870526503
1.0	-0.010984858667129949
1.0	0.23115480344618966
1.0	1.3722907321383697
0.0	-1.0237935014094153
1.0	0.04405898293277688
0.0	-0.3001687815573326
0.0	0.5840807846579457
1.0	-0.13129776796261394
0.0	-0.2875157191246813
0.0	0.10277549425727317
0.0	0.14684835456974699
1.0	0.264279742749278
0.0	-0.4921482410443522
0.0	-0.26926621999934763
1.0	0.7163760824524081
1.0	0.5105671840452559
0.0	-0.7696352224366303
0.0	-0.7072361441929051
1.0	-0.7930406426876034
1.0	1.0420705395920737
1.0	0.7340431602180149
1.0	-0.27971006843463964
0.0	-0.5537446390153393
0.0	0.02425941333598458
1.0	0.24455689180335205
0.0	-0.5824379877054549
0.0	-0.14973493012175765
0.0	-0.6226195540048408
0.0	0.3450702281417872
0.0	-0.3276972854240674
1.0	-0.027850887269204483
1.0	-0.6307106494651699
1.0	-0.18126403932644242
0.0	0.8233767881751584
0.0	-0.05124477585607701
1.0	1.1098326306113975
1.0	0.6550230076970716
0.0	-0.923500422854502
0.0	-0.46359843246133003
0.0	-0.5488856956086291
0.0	-0.49355640810894563
0.0	0.588269055260473
0.0	-0.9856792433147055
0.0	-0.5185655554103707
0.0	-0.3075355498652519
1.0	-0.41289629794629634
0.0	-0.6136375268273174
0.0	0.3881659068197416
1.0	-0.4783188021242192
0.0	0.12477274841809094
0.0	-0.37354047637733945
0.0	-0.29112156739304385
0.0	-0.25786625270504393
0.0	-0.43528041348098223
0.0	-0.5791617095199146
0.0	0.2566159991082486
0.0	-0.47471295385585677
1.0	0.8356429882595033
0.0	0.02035658847818289
0.0	-0.4664799526028448
0.0	-0.6103286551483945
0.0	-0.387084470527185
1.0	-0.149173569616875
0.0	-0.8212167558752683
0.0	-0.14807391178025964
0.0	0.308287416074986
0.0	-0.689206902851093
1.0	0.7226316612596111
0.0	-0.42129590278965523
1.0	0.39225639694212044
0.0	-0.35469702212425047
1.0	-0.7877411824293088
1.0	-0.23077826553484249
1.0	0.7823158229521685
1.0	0.6673790925658454
0.0	-0.36957246453277204
0.0	-0.5857468584099398
0.0	-0.7129744866782711
0.0	-0.18391376986528307
0.0	-0.3787615835153061
0.0	-0.388326033026994
0.0	-0.6271048011968074
1.0	0.8325659081321304
0.0	0.3199958916228298
1.0	0.6591329253343223
0.0	-0.6510926437819451
1.0	1.375082367495456
0.0	0.47517937514025266
0.0	-0.14609648836001243
0.0	-0.3493208432150896
1.0	-0.1722168261365915
0.0	-0.871918889415864
1.0	1.1087997932565712
1.0	-0.0612365781615023
1.0	-0.04115156140860443
1.0	0.024027622758872713
1.0	-0.22688697152175474
0.0	-0.36492061277602084
0.0	-0.464554550190852
0.0	-0.12394416340243852
1.0	1.3812075723291282
0.0	-0.7855319685870013
0.0	0.1744861707357821
1.0	-0.17317294386611337
0.0	0.14456078983787846
1.0	-0.5259323237182898
0.0	0.45265335396793516
0.0	-0.5356386790226608
0.0	-0.7168005937045931
1.0	0.5209458464682204
0.0	1.1567102924145194
0.0	-0.3025215345322958
1.0	0.30659380326566765
0.0	-0.8229870865160668
1.0	1.1043145460646044
1.0	0.5105671840452559
0.0	-0.7696352224366303
0.0	-0.7072361441929051
1.0	-0.7930406426876034
1.0	1.0420705395920737
1.0	0.7340431602180149
1.0	-0.27971006843463964
0.0	-0.5537446390153393
0.0	0.02425941333598458
1.0	0.24455689180335205
0.0	-0.5824379877054549
0.0	-0.14973493012175765
0.0	-0.6226195540048408
0.0	0.3450702281417872
0.0	-0.3276972854240674
1.0	-0.027850887269204483
1.0	-0.6307106494651699
1.0	-0.18126403932644242
0.0	0.8233767881751584
0.0	-0.05124477585607701
1.0	1.1098326306113975
1.0	0.6550230076970716
0.0	-0.923500422854502
0.0	-0.46359843246133003
0.0	-0.5488856956086291
0.0	-0.49355640810894563
0.0	0.588269055260473
0.0	-0.9856792433147055
0.0	-0.5185655554103707
0.0	-0.3075355498652519
1.0	-0.41289629794629634
0.0	-0.6136375268273174
0.0	0.3881659068197416
1.0	-0.4783188021242192
0.0	0.12477274841809094
0.0	-0.37354047637733945
0.0	-0.29112156739304385
0.0	-0.25786625270504393
0.0	-0.43528041348098223
0.0	-0.5791617095199146
0.0	0.2566159991082486
0.0	-0.47471295385585677
1.0	0.8356429882595033
0.0	0.02035658847818289
0.0	-0.4664799526028448
0.0	-0.6103286551483945
0.0	-0.387084470527185
1.0	-0.149173569616875
0.0	-0.8212167558752683
0.0	-0.14807391178025964
0.0	0.308287416074986
0.0	-0.689206902851093
1.0	0.7226316612596111
0.0	-0.42129590278965523
1.0	0.39225639694212044
0.0	-0.35469702212425047
1.0	-0.7877411824293088
1.0	-0.23077826553484249
1.0	0.7823158229521685
1.0	0.6673790925658454
0.0	-0.36957246453277204
0.0	-0.5857468584099398
0.0	-0.7129744866782711
0.0	-0.18391376986528307
0.0	-0.3787615835153061
0.0	-0.388326033026994
0.0	-0.6271048011968074
1.0	0.8325659081321304
0.0	0.3199958916228298
1.0	0.6591329253343223
0.0	-0.6510926437819451
1.0	1.375082367495456
0.0	0.47517937514025266
0.0	-0.14609648836001243
0.0	-0.3493208432150896
1.0	-0.1722168261365915
0.0	-0.871918889415864
1.0	1.1087997932565712
1.0	-0.0612365781615023
1.0	-0.04115156140860443


> Teste: 

MSE 0.18244339883476163
Taxa Acerto: 79.76190476190476


target	 y
1.0	0.024027622758872713
1.0	-0.22688697152175474
0.0	-0.36492061277602084
0.0	-0.464554550190852
0.0	-0.12394416340243852
1.0	1.3812075723291282
0.0	-0.7855319685870013
0.0	0.1744861707357821
1.0	-0.17317294386611337
0.0	0.14456078983787846
1.0	-0.5259323237182898
0.0	0.45265335396793516
0.0	-0.5356386790226608
0.0	-0.7168005937045931
1.0	0.5209458464682204
0.0	1.1567102924145194
0.0	-0.3025215345322958
1.0	0.30659380326566765
0.0	-0.8229870865160668
1.0	1.1043145460646044
1.0	0.6826934172014381
0.0	-0.679642453339405
0.0	-0.4968652788134308
1.0	0.018509538057028596
0.0	0.2572998367896653
1.0	1.2675565317040254
0.0	0.46429664334839993
0.0	0.3045264982661964
0.0	-0.3279827311687924
0.0	-0.6090755598549953
1.0	-0.33644752299891656
0.0	-0.26743070237178346
1.0	0.9135766500518321
0.0	-0.43446620056970564
0.0	-0.3543348585480457
0.0	-0.04513110491727268
1.0	0.03189846043568001
0.0	-0.3607323421734939
0.0	-0.47110710558749436
1.0	-0.10893834799482449
0.0	-0.5341653249713021
0.0	-0.3607323421734939
0.0	0.3627373036766275
0.0	0.3842956744808843
1.0	-0.2031845746813421
0.0	-0.4441073688873113
0.0	-0.8964891543351663
1.0	-0.4909718645568706
0.0	0.5393372513862378
1.0	0.24648229198457794
0.0	-0.15491191194718934
1.0	0.19364766325254057
0.0	-0.1482941695637814
1.0	0.9354319974455285
1.0	-0.1525591612029933
1.0	-0.1003184843935061
1.0	0.3940919145696844
0.0	-0.24704870805500811
1.0	-0.026080556628406137
0.0	-0.18700238278624615
1.0	1.0066580309405315
0.0	-0.2748952501854127
0.0	0.3643657285247428
1.0	-0.19604959695053514
1.0	-0.4110607803187323
0.0	-0.16382875311238498
0.0	0.15721385227052953
0.0	-0.6955391994897758
0.0	-0.6244550716324048
0.0	-0.06043389788876441
0.0	-0.5992141337538677
0.0	0.3108587949048791
0.0	0.03669384893926808
0.0	-0.4438103922978719
1.0	-0.1744912261462781
1.0	0.979968437937788
1.0	1.0784144670459852
0.0	-0.1838370512144165
0.0	0.38393351090467953
0.0	-0.3435940325488762
0.0	-0.6813360651742858
1.0	0.7466310356639012
0.0	-0.8461607161899278
0.0	-0.5953113079216279
0.0	-0.7492532281198551
0.0	-0.6408575214660739
0.0	-0.5113538588736458
0.0	-0.6988480711686988
0.0	-0.13843274346265377
0.0	-0.2608781469751411
1.0	-0.042339467329419955
1.0	0.004898723580445186
0.0	-0.417393077931853
0.0	-0.05565167313292063
0.0	-0.07154841705252424
0.0	-0.5014272457857529
1.0	1.036991337272353
1.0	0.28768516300025104
0.0	-0.492238125828781
1.0	0.5911505754019872
0.0	-0.1745695792666062
0.0	-0.33762389948639804
0.0	0.16760404428187936
1.0	0.7502368839322637
1.0	0.35155759529533537
1.0	0.027788540567662334
0.0	-0.1995787264129798
0.0	-0.5683115712214446
0.0	-0.5653648640931646
1.0	0.6828237903555825
1.0	0.724336804913644
1.0	-0.584790740680418
0.0	-0.5781729982970101
0.0	-0.8332106771678371
0.0	-0.6880305263636115
1.0	0.8639320506892878
0.0	-0.10208881503430445
1.0	0.6766580973072462
1.0	-0.5341653249713021
0.0	-0.2665397706545891
0.0	-0.8200403793877867
0.0	-0.729750632726684
0.0	0.46773588818146705
0.0	0.24573326829083375
0.0	-0.5327818566788098
0.0	-0.47192131849877106
0.0	-0.236593326826126
0.0	-0.643363711897821
0.0	0.17959796557444818
0.0	-0.008555386886248906
0.0	0.17157205710088475
1.0	0.49099940263975705
0.0	-0.19449952409325832
0.0	-0.8137080817746659
1.0	-0.043360774276474334
0.0	0.06554063508616759
0.0	0.5674597103807271
0.0	-0.7453178087942326
0.0	-0.6066460882291658
0.0	-0.3756729705943429
1.0	0.03352688625823341
0.0	-0.7638968789768267
0.0	0.6077716496792063
0.0	-0.16985254052308973
0.0	-0.659777694370029
0.0	-0.2889238861892751
0.0	-0.4617629148337662
1.0	-0.14389880715624348
0.0	-0.45823378537132164
1.0	0.5689982504444138
1.0	0.6645742912302486
0.0	0.24662419664777158
0.0	-0.9702997315372959
0.0	-0.6346134752974097
0.0	-0.1459414165888182
0.0	-0.912462620265893
0.0	-0.14652383892298282
1.0	0.026612164080180856
1.0	-0.14150192886874557
0.0	-0.5700051832113768
0.0	-0.7012008241436619
1.0	1.2504508144433009
1.0	1.0688500175342976
0.0	0.12351965312469138
0.0	-0.2788306695110354
0.0	-0.6669893909067538
0.0	-0.7300476102905614
0.0	-0.7888408402659242
0.0	0.0879652420407222
0.0	-0.2754566118197852
0.0	-0.540420903778505
0.0	-0.26382485410342116
0.0	-0.5203358860511692
0.0	0.17120989255024188
0.0	-0.27890738816190175
0.0	-0.16390547176325154
1.0	0.8006420408834203
1.0	0.241610184675072
0.0	-0.26948647778286916
0.0	-0.7843555920995197
0.0	0.12057294725274081
0.0	-0.7829589576734648
0.0	-0.3711761915832239
0.0	-0.1720617543653975
1.0	0.7495777427921813
0.0	-0.6676485320468362
0.0	0.24707624613789503
1.0	0.7189606260044832
0.0	-0.14579951177057282
1.0	0.6447747192476376
0.0	-0.9847231246107456
1.0	0.13896435314519562
0.0	-0.6793454757755276
0.0	-0.4800124139591002
0.0	-0.45908059080154295
0.0	-0.5401239262146275
0.0	-0.06999834740045241
1.0	-0.22048948789630662
0.0	-0.5212152859492112
0.0	-0.36338207271233436
1.0	0.6105764519892407
1.0	0.6316044214675871
0.0	-0.28126014129191645
1.0	0.3544275836176978
0.0	-0.4771424256367377
0.0	-0.3232005064129484
1.0	0.3671573648562667
1.0	0.15904936989809348
0.0	-0.29466222964907884
0.0	0.768551570044363
0.0	-0.44683545254647994
0.0	-9.048058916860668E-4
1.0	0.39225639694212044
0.0	-0.6745632510196837
0.0	-0.011502094014529174
0.0	-0.4552870782430414
1.0	0.5067410778383201
1.0	0.6698085643467262
0.0	-0.5357937507938553
0.0	-0.0931835066626987
1.0	-0.5911230373191008
0.0	0.12086992481661785
1.0	0.42542182669064
0.0	-0.07698978517921762
1.0	1.1366137428680314
1.0	0.7394193391271762
0.0	-0.10254086436937593
0.0	-0.421658067340298
0.0	-0.005104608158313928
0.0	-0.26440727643758577
0.0	0.07908462923601323
1.0	0.715728474105916
0.0	-0.40274942610044373
0.0	-0.15130606367882682
0.0	-0.6695739344588291
0.0	-0.504736116490238
1.0	0.3747964141867288
0.0	-0.42946371787528825
0.0	-0.40966414604772905
0.0	1.0186519523881519
0.0	0.1273325954288318
1.0	0.24803236371236514
1.0	0.9433927199067653
0.0	-0.1864084286329295
0.0	-0.30341246624949014
1.0	0.7102871082099897
1.0	-0.05918080259536529
0.0	-0.6799394299288446
1.0	1.0293275923749936
0.0	0.013869219093867846
0.0	0.032053532206874236
0.0	-0.6376253694124552
