> Parametros
Geracoes 10000
Individuos 10
Probabilidade Mutacao 0.001
PMax 0.01
PMin -0.01
Peso cruzamento (w) 0.1


> Treinamento: 

MSE: 0.09244036518004486
Taxa Acerto: 77.36842105263158


target	 y
0.0	-0.12827546412803326
1.0	0.8890471238032718
0.0	-0.05176587323635845
0.0	0.46174215341040775
0.0	0.029251914756030672
1.0	0.098150323320078
0.0	-0.06317989210669955
0.0	0.7017670265234239
0.0	0.3763785994644549
1.0	0.24291027893822353
1.0	0.2548727364557785
0.0	0.6399062523732901
1.0	0.6711865648602016
1.0	0.2643574740017692
0.0	-0.09919197854518602
0.0	0.08415347003977319
0.0	0.07315056793599517
1.0	0.6144859507857434
1.0	0.3716256364527534
0.0	0.268330580531607
0.0	0.026665160145529554
0.0	0.005464321103623215
0.0	-0.03613239132242857
0.0	-0.01587224979888402
0.0	-0.0918522609229836
1.0	0.7142535550643019
0.0	-0.0014681994604416326
1.0	0.2756024319774531
0.0	0.1806517377495675
0.0	0.10862364516416889
0.0	-0.151112931311453
0.0	0.4221814257829322
1.0	0.13350101734670228
0.0	0.4970716578847943
1.0	0.07083919823145662
0.0	0.6881467513062813
0.0	-0.15247025483857837
0.0	-0.21010213699449734
0.0	-0.00988985570380696
0.0	0.11855011739687238
1.0	0.7746040039887339
0.0	-0.017097761173834214
0.0	0.3095028270399324
0.0	-0.016826296468409163
0.0	-0.12827546412803326
0.0	0.22170552125688098
0.0	0.292647755020579
0.0	-0.026070186737012557
1.0	0.5937095781478383
1.0	0.7448552057876505
0.0	0.1824240982437933
0.0	-0.09267057474768436
1.0	0.6109584986510437
0.0	0.1101206207524324
0.0	0.050045556247687695
0.0	0.2926516752211163
0.0	0.18433219109073168
0.0	0.07464362380999662
0.0	0.20756901542332612
1.0	0.706239095392799
1.0	0.8058670476102197
0.0	-0.024301746443324057
0.0	0.48210348858326385
0.0	0.09067095314462575
0.0	0.2178893350708923
1.0	0.4118477564920912
1.0	0.40409692161121386
0.0	0.10902692202176922
1.0	0.20825551602686238
0.0	0.23625706299438304
1.0	0.5536098413100501
1.0	0.1525222983441336
1.0	0.81347430973731
0.0	0.1911250595936584
1.0	0.5123018624490119
1.0	0.3332982601091909
0.0	0.04243045421163477
0.0	0.004374542573497342
1.0	0.11595944258583402
0.0	0.48005966445260223
0.0	0.03454780717858219
0.0	0.49557468229653073
1.0	0.3362749434951186
1.0	0.45260888681073114
0.0	0.19819331251043576
0.0	0.13893264212196632
1.0	0.11732460602192218
0.0	0.28312847984601325
0.0	0.14667955680230632
0.0	0.23013501634021977
0.0	-0.15213092395679703
0.0	0.1811985873609549
1.0	0.5521089455212493
0.0	-0.061000334554336066
0.0	0.005057124045485584
1.0	0.6218217482015718
0.0	0.16638341976383758
0.0	-0.011119286787182714
0.0	-0.08410926595106916
1.0	0.6235941086957977
0.0	-0.22926857978737875
1.0	0.2196616960572299
0.0	0.05493425161210164
1.0	-0.08723503026399482
0.0	0.4962533440600934
0.0	0.17222224110512746
0.0	0.23256877031529716
1.0	0.15565590256602208
0.0	0.3263657395451263
0.0	-0.1371121578306109
0.0	0.7546365167228524
0.0	0.21150758431875233
1.0	0.20157719188551154
1.0	0.3868307328252974
0.0	-0.2121381222851854
0.0	0.2518866247019393
1.0	0.3256658897904268
1.0	0.4515363765633163
0.0	0.2740375897207216
1.0	0.5724914702463433
0.0	-0.04618516695721869
0.0	0.057385273869890174
1.0	0.7048660920419114
0.0	-0.017233493526546795
1.0	0.4490892740139532
0.0	0.12276015099772364
0.0	0.027886751319942393
0.0	0.07342203264142028
0.0	0.15402319413293425
1.0	0.8293792563566649
1.0	0.2783833556801219
0.0	0.7677432698015625
0.0	6.940887402213103E-4
0.0	0.07233225411129451
0.0	0.7434900423515622
0.0	-0.061810808470073975
0.0	0.08442493474519824
0.0	0.2529724835236395
0.0	-0.017233493526546795
0.0	-0.024976488006349384
1.0	0.5057765389430848
1.0	0.5729237765709807
0.0	0.1986005095685734
0.0	-0.06901871394010123
0.0	0.21259736284887815
0.0	0.5530629916986625
0.0	-0.29382906230682515
1.0	0.5525334119310874
0.0	0.24182050098497526
0.0	0.09671337350709613
0.0	0.23364127998583423
1.0	0.6249553524234603
1.0	0.7091106643461635
1.0	0.6332703057753137
0.0	0.4129336153137915
1.0	0.6859883833061557
1.0	0.7592592566182048
0.0	0.34729511388160766
0.0	0.40191736512783977
1.0	0.49625726376851903
1.0	0.2868089321181881
0.0	0.03522646894214487
0.0	0.48280725960748977
0.0	0.05533752896181365
0.0	0.19982210074298618
0.0	-0.01928123843462315
1.0	0.3561357272984473
0.0	0.47871568900765066
0.0	0.14396098955335473
0.0	0.05765673857531528
1.0	0.262742034920382
0.0	0.1582253878248226
1.0	0.8817074061810695
1.0	0.7194309844858415
1.0	-0.062150139351855316
0.0	0.35829017665330026
0.0	0.08796573553311254
0.0	0.4541137017369163
0.0	-0.08534812647718243
0.0	0.45996979291618195
0.0	-0.0021507809324298743
0.0	0.6216181496725031
0.0	0.10359921744704254
1.0	0.2075556657800513
0.0	0.4087102336307665
1.0	0.2609908629094046
1.0	0.3809707219317697
1.0	0.9427153278031013
0.0	-0.21689500500531228
1.0	0.2497109868638378
0.0	0.1186858497495849
0.0	0.5311834913853051
1.0	0.21599851050666502
0.0	0.12398174217213648
0.0	0.3039393896203814
0.0	0.3414484521392432
1.0	0.3958031578115981
0.0	0.02109780301755304
0.0	0.14056535006294235
1.0	0.6195198074476589
1.0	0.5086174889073105
0.0	-0.10666742852010097
0.0	-0.07676562862044117
1.0	-0.10001421257042412
1.0	0.7592592566182048
1.0	0.6142278352256447
1.0	0.10985307624754465
0.0	0.030333853371357133
0.0	0.25622847152395495
1.0	0.378129771967544
0.0	-0.01696202882112169
0.0	0.18792358919541347
0.0	-0.025802642232124806
0.0	0.429639607475136
0.0	0.11514112876113325
1.0	0.25131858709941507
1.0	-0.0404781572759923
1.0	0.17413033444417753
0.0	0.661531557332923
0.0	0.2222390212308299
1.0	0.7648171843092804
1.0	0.5745525647976946
0.0	-0.18264743915208875
0.0	0.026940544559380275
0.0	0.014025629900238368
0.0	0.031549935309406196
0.0	0.5529233396375246
0.0	-0.19528696939738
0.0	0.014029550100775723
0.0	0.11323695562262037
1.0	0.04230256176788505
0.0	-0.03191292877095159
0.0	0.43488882220457964
1.0	0.034412074825869665
0.0	0.30773830645466943
0.0	0.08347088807567316
0.0	0.124117474524849
0.0	0.1620337336039
0.0	0.051253798270937456
0.0	-0.01594011597524031
0.0	0.39728286511715044
0.0	0.03427634247315714
1.0	0.679577602600703
0.0	0.2632928047323067
0.0	0.03630289832110756
0.0	-0.025120060268024824
0.0	0.09896079723581586
1.0	0.1682954323250379
0.0	-0.13697642547789834
0.0	0.20050468221497436
0.0	0.42177030901636897
0.0	-0.07744429038400386
1.0	0.6284922335029492
0.0	0.07028842891164355
1.0	0.43931580348566296
0.0	0.0861972952394241
1.0	-0.08179789625236705
1.0	0.1310539147973393
1.0	0.6377439641726272
1.0	0.5867770575837736
0.0	0.08794846618141217
0.0	-0.0237548968319366
0.0	-0.07540438489277851
0.0	0.1650221760361748
0.0	0.09516580109417694
0.0	0.07940050702807183
0.0	-0.04061388962870488
1.0	0.65431422291227
0.0	0.4005773098834255
1.0	0.5663811837075166
0.0	-0.05583625428395983
1.0	0.9391745265230753
0.0	0.4719267412032096
0.0	0.19355881249974644
0.0	0.08022274105330995
1.0	0.17956195872732988
0.0	-0.15233844219429138
1.0	0.7982519450820549
1.0	0.19031850432319314
1.0	0.21260520169468816
1.0	0.2746989832015732
1.0	0.15972236390519784
0.0	0.07274729107839506
0.0	0.03618443532009552
0.0	0.2030780876743123
1.0	0.9250631299501839
0.0	-0.10721427763937666
0.0	0.3265732582747323
1.0	0.18880584948804496
0.0	0.3369536052586813
1.0	0.008580655973811191
0.0	0.4935269368963426
0.0	0.005464321103623215
0.0	-0.09253092268654628
1.0	0.5277878519007293
0.0	0.817154763570586
0.0	0.1026490909780548
1.0	0.4034182598476512
0.0	-0.1311376036444967
1.0	0.7834406976854749
1.0	0.5086174889073105
0.0	-0.10666742852010097
0.0	-0.07676562862044117
1.0	-0.10001421257042412
1.0	0.7592592566182048
1.0	0.6142278352256447
1.0	0.10985307624754465
0.0	0.030333853371357133
0.0	0.25622847152395495
1.0	0.378129771967544
0.0	-0.01696202882112169
0.0	0.18792358919541347
0.0	-0.025802642232124806
0.0	0.429639607475136
0.0	0.11514112876113325
1.0	0.25131858709941507
1.0	-0.0404781572759923
1.0	0.17413033444417753
0.0	0.661531557332923
0.0	0.2222390212308299
1.0	0.7648171843092804
1.0	0.5745525647976946
0.0	-0.18264743915208875
0.0	0.026940544559380275
0.0	0.014025629900238368
0.0	0.031549935309406196
0.0	0.5529233396375246
0.0	-0.19528696939738
0.0	0.014029550100775723
0.0	0.11323695562262037
1.0	0.04230256176788505
0.0	-0.03191292877095159
0.0	0.43488882220457964
1.0	0.034412074825869665
0.0	0.30773830645466943
0.0	0.08347088807567316
0.0	0.124117474524849
0.0	0.1620337336039
0.0	0.051253798270937456
0.0	-0.01594011597524031
0.0	0.39728286511715044
0.0	0.03427634247315714
1.0	0.679577602600703
0.0	0.2632928047323067
0.0	0.03630289832110756
0.0	-0.025120060268024824
0.0	0.09896079723581586
1.0	0.1682954323250379
0.0	-0.13697642547789834
0.0	0.20050468221497436
0.0	0.42177030901636897
0.0	-0.07744429038400386
1.0	0.6284922335029492
0.0	0.07028842891164355
1.0	0.43931580348566296
0.0	0.0861972952394241
1.0	-0.08179789625236705
1.0	0.1310539147973393
1.0	0.6377439641726272
1.0	0.5867770575837736
0.0	0.08794846618141217
0.0	-0.0237548968319366
0.0	-0.07540438489277851
0.0	0.1650221760361748
0.0	0.09516580109417694
0.0	0.07940050702807183
0.0	-0.04061388962870488
1.0	0.65431422291227
0.0	0.4005773098834255
1.0	0.5663811837075166
0.0	-0.05583625428395983
1.0	0.9391745265230753
0.0	0.4719267412032096
0.0	0.19355881249974644
0.0	0.08022274105330995
1.0	0.17956195872732988
0.0	-0.15233844219429138
1.0	0.7982519450820549
1.0	0.19031850432319314
1.0	0.21260520169468816


> Teste: 

MSE 0.07741068296714851
Taxa Acerto: 79.36507936507937


target	 y
1.0	0.2746989832015732
1.0	0.15972236390519784
0.0	0.07274729107839506
0.0	0.03618443532009552
0.0	0.2030780876743123
1.0	0.9250631299501839
0.0	-0.10721427763937666
0.0	0.3265732582747323
1.0	0.18880584948804496
0.0	0.3369536052586813
1.0	0.008580655973811191
0.0	0.4935269368963426
0.0	0.005464321103623215
0.0	-0.09253092268654628
1.0	0.5277878519007293
0.0	0.817154763570586
0.0	0.1026490909780548
1.0	0.4034182598476512
0.0	-0.1311376036444967
1.0	0.7834406976854749
1.0	0.5654483265960657
0.0	-0.06167899631789875
0.0	0.024757067298591284
1.0	0.2933224965836044
0.0	0.377604110839405
1.0	0.8636946883862446
0.0	0.46079202694725646
0.0	0.4161856836056815
0.0	0.08633694730056213
0.0	-0.04129255139226751
1.0	0.10278090313023003
0.0	0.1462684395436314
1.0	0.7054129416532988
0.0	0.05465886719825097
0.0	0.09081060569787558
0.0	0.24386040540721138
1.0	0.27211222859107215
0.0	0.09448713933061426
0.0	0.03414061012044456
1.0	0.22441073886839397
0.0	0.006554100125860773
0.0	0.09448713933061426
0.0	0.4243476341841325
0.0	0.44772411057786515
1.0	0.14614054709988172
0.0	0.06308444364215376
0.0	-0.18943638745447816
1.0	0.029116182403318147
0.0	0.5317225005956181
1.0	0.3780113078975426
0.0	0.16965667604686424
1.0	0.36387480206398787
0.0	0.18324241256060586
1.0	0.7218608171913923
1.0	0.185693433749405
1.0	0.21368714187111576
1.0	0.44501889296635205
0.0	0.16162653655159892
1.0	0.2454797652660134
0.0	0.1754915776797285
1.0	0.7399319717256725
0.0	0.12350667893764256
0.0	0.43115777154664786
1.0	0.17005995290446446
1.0	0.0480056512485742
0.0	0.18730887340766983
0.0	0.34224949768123275
0.0	-0.06222584543717441
0.0	-0.03150573171281401
0.0	0.22945635457665708
0.0	-0.032455858181801744
0.0	0.4009672386588519
0.0	0.298364192583442
0.0	0.05615584278651442
1.0	0.1934364292981971
1.0	0.7224288558629057
1.0	0.7867061140595386
0.0	0.14083130553200363
0.0	0.4431108001194137
0.0	0.11459427914974574
0.0	-0.08003104499450492
1.0	0.6079818163341055
0.0	-0.14295489937243805
0.0	-0.03952019089804171
0.0	-0.0913093315121335
0.0	-0.07811903194119274
0.0	0.013758085395350672
0.0	-0.06901871394010123
0.0	0.19207910577107173
0.0	0.1483122647432823
1.0	0.2403196051961745
1.0	0.24316839507519944
0.0	0.06322409570329185
0.0	0.2373390016097096
0.0	0.23679215355942324
0.0	0.03413668991990726
1.0	0.7583052099486796
1.0	0.38914994186192137
0.0	0.026919355499254227
1.0	0.543560985875797
0.0	0.16352519996163611
0.0	0.09476252374446487
0.0	0.32568707778156364
1.0	0.6078460839813931
1.0	0.42014152078381856
1.0	0.2802836086122609
0.0	0.1460048147471692
0.0	-0.010576357376332557
0.0	-0.00839679982396907
1.0	0.5885321487262989
1.0	0.6111115003554568
1.0	-0.0329987875926519
0.0	-0.01941305107891017
0.0	-0.14458760780552585
0.0	-0.0694259109982388
1.0	0.6392526998762273
0.0	0.21952596370451744
1.0	0.5737381706814193
1.0	0.006554100125860773
0.0	0.12548263796093717
0.0	-0.12895804609213327
0.0	-0.09089821425345851
0.0	0.49066871758041647
0.0	0.3861481513533091
0.0	0.013465431137687778
0.0	0.03073554119313099
0.0	0.1566060290350098
0.0	-0.04577404969854382
0.0	0.3332982601091909
0.0	0.252836751170927
0.0	0.33016465637941433
1.0	0.49666446082665666
0.0	0.14695886141669423
0.0	-0.14417649054685086
1.0	0.23802158357380948
0.0	0.2972783337617417
0.0	0.5214100208570147
0.0	-0.09260270857132813
0.0	-0.049446663124908696
0.0	0.08469639945062335
1.0	0.2789223664456994
0.0	-0.10802867175565187
0.0	0.5533344564040876
0.0	0.15986593617270978
0.0	-0.05665456860077234
0.0	0.13443387446398952
0.0	0.03264363404006937
1.0	0.203875212438887
0.0	0.05669877219736458
1.0	0.5340417107012314
1.0	0.571948540835493
0.0	0.36536234821535024
0.0	-0.20507378907683357
0.0	-0.033413824559752336
0.0	0.19927917133213607
0.0	-0.16579236655585783
0.0	0.17740359072720419
1.0	0.2722652292264958
1.0	0.189950145043364
0.0	-0.028928406047102173
0.0	-0.08505547271163139
1.0	0.8493585037378832
1.0	0.7709408199934336
0.0	0.3239107975789121
0.0	0.12480005599683719
0.0	-0.05638310389534723
0.0	-0.08396961388993113
0.0	-0.11400714614230337
0.0	0.3172324734375614
0.0	0.14313483532174276
0.0	-0.0024183259294294213
0.0	0.14613270719091886
0.0	0.019868371934177342
0.0	0.32555134542885106
0.0	0.14899092650100848
0.0	0.21149974391184118
1.0	0.6301367015534254
1.0	0.37595021441518056
0.0	0.1233030804085738
0.0	-0.09919589825361158
0.0	0.3217312406034262
0.0	-0.07391524921931442
0.0	0.06377486502310481
0.0	0.1852823175597194
1.0	0.6101613738864688
0.0	-0.05406781399027133
0.0	0.36415410667837594
1.0	0.6170860545415708
0.0	0.18663021164410715
1.0	0.5784660244324575
0.0	-0.20453085966598344
1.0	0.3256658897904268
0.0	-0.0686075966814263
0.0	0.016060026149263495
0.0	0.04752274810511742
0.0	-0.009346926292956803
0.0	0.21369106051055192
1.0	0.15604583027245916
0.0	0.004921391692773058
0.0	0.08537898092261159
1.0	0.56816297364448
1.0	0.5628364627190647
0.0	0.13295416773531477
1.0	0.4465119488461899
0.0	0.04243045421163477
0.0	0.09421959433361476
1.0	0.42761697075873356
1.0	0.34795258716192184
0.0	0.13579511769954045
0.0	0.6359716031862896
0.0	0.024065055897590115
0.0	0.23298772748877133
1.0	0.43931580348566296
0.0	-0.060724949648373716
0.0	0.2506571936185636
0.0	0.058878329749728064
1.0	0.491490951611491
1.0	0.578622945845296
0.0	-2.5603772876642283E-4
0.0	0.2376065476756985
1.0	-0.0177803426458224
0.0	0.31480264023989885
1.0	0.4830536150522516
0.0	0.23122479536245727
1.0	0.8306008475310775
1.0	0.6082532810395307
0.0	0.2207342052356553
0.0	0.06567511796108028
0.0	0.24698066105481414
0.0	0.12425712658598709
0.0	0.2817884246015991
1.0	0.5861023160207481
0.0	0.07994343643892199
0.0	0.16952094369415166
0.0	-0.05394935098925924
0.0	0.027343821909092236
1.0	0.4435007288948402
0.0	0.07980378387983567
0.0	0.07328630028870775
0.0	0.7475431540474633
0.0	0.32266801792125094
1.0	0.3549102159234971
1.0	0.71345251009919
0.0	0.16163437646056172
0.0	0.12343489256074897
1.0	0.5805349588927715
1.0	0.2132838634524143
0.0	-0.054750395462259516
1.0	0.7597849166773545
0.0	0.27279089035463483
0.0	0.2778325874234617
0.0	-0.04713529342620648
